995
459
350
359
1308
301
402
432
334
359
580
442
596
396
465
414
333
740
395
498
365
400
492
357
494
575
496
335
341
437
301
510
519
402
981
1654
312
306
305
540
301
625
395
314
393
596
473
349
337
860
395
405
463
435
466
425
602
358
594
433
591
326
477
549
519
434
303
403
373
796
350
386
448
436
557
313
309
532
337
323
601
691
539
446
340
379
435
309
329
468
508
571
525
440
560
522
607
311
472
384
410
492
433
446
365
403
580
406
382
997
448
312
345
460
417
302
394
419
439
368
350
643
323
625
428
400
711
346
492
471
89
338
305
526
344
303
473
341
436
330
525
443
530
778
425
309
643
414
329
314
815
867
399
1145
325
383
471
1277
312
571
1303
1211
651
439
339
653
374
367
341
305
392
306
452
771
661
306
781
1370
357
848
1273
821
356
856
315
538
576
516
443
588
337
416
595
310
1379
576
643
607
365
580
361
445
311
306
449
341
377
441
314
513
504
483
540
375
456
500
362
337
413
377
420
312
316
458
383
379
473
281
303
521
459
694
446
305
377
628
326
367
501
750
302
342
352
487
500
455
646
376
457
151
302
303
364
423
542
461
478
333
337
329
309
323
307
626
307
380
376
345
682
326
577
339
398
602
2263
1770
2249
364
367
359
361
364
436
301
367
860
316
324
397
377
544
580
654
575
362
382
512
606
416
388
377
710
382
514
497
475
349
1622
1085
401
535
441
607
465
444
394
319
376
303
483
377
375
303
473
367
292
471
370
665
471
382
536
328
315
524
527
448
367
766
383
669
476
364
760
366
658
460
358
658
462
361
672
463
370
686
481
672
395
468
370
666
448
363
445
395
319
542
330
323
379
775
368
514
605
367
376
301
484
384
766
361
368
754
369
377
305
473
671
394
471
671
466
370
378
306
489
385
793
435
613
465
431
313
301
404
496
532
398
315
330
374
681
393
376
375
393
504
413
384
535
558
470
374
671
390
372
368
374
381
369
594
380
531
366
368
380
465
365
664
456
359
654
451
360
653
453
363
667
446
359
641
361
352
354
370
448
656
385
471
664
385
462
664
389
390
755
488
382
671
389
467
653
373
455
651
390
392
617
339
322
396
685
475
429
391
589
369
369
387
503
410
406
411
398
532
534
516
312
659
388
365
603
630
659
660
471
428
585
464
357
352
653
456
363
301
390
450
670
380
364
356
361
444
355
431
653
359
355
641
437
355
648
446
360
639
446
354
354
282
455
357
357
652
353
352
355
440
353
641
458
358
662
443
647
377
440
354
563
508
354
642
461
1027
385
438
653
451
356
639
370
442
628
440
348
350
625
442
358
565
444
434
629
358
360
424
499
559
349
345
655
442
651
385
440
882
578
645
444
355
637
440
350
634
438
357
438
599
440
650
441
353
349
642
438
667
483
386
365
676
443
629
361
432
355
373
380
388
367
756
427
577
368
440
354
650
382
365
383
555
339
530
348
285
338
805
351
274
361
424
492
485
426
641
381
367
357
366
378
432
349
631
357
354
346
365
374
436
653
449
357
350
626
356
343
350
367
378
445
666
464
424
504
435
437
351
660
465
659
385
460
645
371
444
353
279
366
437
353
505
578
362
653
444
354
725
358
354
621
436
347
635
466
365
665
456
357
640
367
366
367
382
479
394
393
301
479
375
659
379
375
369
630
660
402
390
408
387
664
382
385
370
374
388
628
393
386
323
606
369
372
378
368
375
392
497
548
339
314
386
660
372
353
354
363
382
375
365
382
386
513
589
368
502
578
366
444
353
650
438
348
619
357
344
346
349
445
353
631
438
348
618
354
345
500
554
351
349
358
370
431
346
629
358
348
350
370
374
460
661
383
379
448
643
438
351
637
452
678
509
433
417
309
244
543
366
361
375
386
622
647
399
402
394
397
379
668
471
429
623
479
391
528
147
394
372
368
378
380
365
364
376
385
461
316
360
396
384
374
388
392
369
368
373
376
358
355
369
378
378
622
337
342
416
544
304
344
434
612
373
367
443
379
304
495
543
334
319
386
675
384
455
654
382
456
670
388
455
659
375
449
360
648
375
365
363
380
464
368
658
461
353
655
380
452
666
469
380
676
390
373
362
370
370
439
659
502
409
547
335
328
389
315
360
468
366
648
381
371
751
469
381
659
385
456
366
643
451
355
659
390
467
672
390
378
364
369
371
443
356
658
466
378
671
470
368
649
371
444
354
645
440
354
653
372
444
369
301
394
372
366
373
452
359
350
646
455
652
382
475
665
385
514
306
901
498
448
469
2281
457
642
372
457
359
357
655
456
367
307
484
392
676
387
390
369
365
373
384
463
321
370
492
396
542
634
380
657
376
463
367
368
425
622
324
433
400
533
532
386
384
387
372
371
382
388
391
476
523
140
387
395
468
663
389
389
376
376
394
475
376
654
366
432
634
460
529
140
391
479
381
672
510
305
643
377
445
651
384
445
1634
1682
425
749
597
315
723
1075
442
352
398
573
608
1960
380
381
390
393
399
564
663
375
387
454
319
378
397
403
416
398
318
467
398
392
378
384
396
400
396
526
404
403
307
323
370
389
402
398
371
386
392
390
394
375
392
393
385
369
358
362
367
367
374
384
560
301
451
405
393
387
377
367
374
381
388
376
371
389
386
372
371
388
378
377
364
372
380
371
365
364
382
371
376
375
399
393
383
373
383
380
361
361
508
602
371
524
643
384
374
390
389
383
365
359
380
379
358
366
377
453
307
372
385
386
384
364
363
383
378
381
367
365
376
373
361
365
386
402
410
395
316
485
395
368
375
535
389
388
393
328
366
447
427
319
484
542
379
608
376
362
367
383
383
383
384
416
575
418
305
336
393
392
371
446
310
375
366
524
322
353
404
547
329
333
387
376
388
386
365
367
371
378
383
363
374
387
380
381
362
370
376
372
362
354
362
369
358
352
358
367
368
369
364
377
376
374
353
511
604
357
361
378
390
391
385
400
406
396
381
390
305
462
375
374
382
372
372
364
388
388
394
383
388
386
393
530
372
382
618
367
368
380
379
384
367
443
312
374
370
371
387
385
368
370
378
378
374
526
394
316
331
378
526
308
307
360
351
361
371
372
363
376
382
383
364
515
590
358
356
508
590
358
509
595
358
507
363
574
350
353
359
361
353
359
366
371
359
352
359
746
355
362
442
303
372
367
524
615
357
360
360
369
360
358
355
363
520
586
511
583
369
361
373
372
371
369
370
524
375
232
355
357
514
602
375
383
402
404
388
377
386
439
314
371
371
534
307
329
383
539
398
315
311
398
392
396
376
380
393
399
396
398
547
318
328
371
517
607
367
376
384
399
389
531
322
339
392
325
500
585
404
331
729
355
687
489
378
381
742
364
361
516
602
365
379
783
385
535
304
317
372
371
378
383
375
377
391
399
387
383
380
380
376
363
370
321
441
368
1858
404
148
723
356
355
308
584
860
333
341
342
343
344
356
360
536
517
352
364
357
370
371
387
374
378
377
384
384
366
373
372
379
364
372
371
385
377
379
390
393
396
376
377
382
389
394
439
315
386
391
382
379
386
387
381
374
375
382
388
371
377
381
386
386
378
384
392
399
387
375
382
388
386
378
381
386
371
375
374
382
392
379
382
386
393
382
373
375
386
365
369
380
379
387
376
378
379
383
375
368
514
616
375
375
371
383
371
370
375
383
378
372
379
383
384
366
373
371
381
370
369
378
381
370
370
374
381
369
359
365
364
370
356
368
375
384
374
370
376
375
360
355
357
366
382
380
390
399
412
401
393
329
360
469
359
374
372
378
381
386
404
416
418
393
391
387
389
377
372
376
381
380
374
386
397
409
393
386
393
395
379
372
379
382
370
371
384
390
383
381
385
394
399
393
392
393
393
372
372
388
386
394
389
385
398
408
413
395
385
383
382
391
377
373
384
397
412
397
401
400
408
397
385
399
395
397
373
370
379
379
378
368
384
389
397
385
373
379
381
381
377
377
381
388
372
366
375
377
365
359
377
385
379
436
315
381
385
366
367
369
385
378
379
380
394
394
384
380
387
389
371
380
383
377
366
373
437
332
379
532
632
376
372
378
384
331
1423
332
422
733
575
642
332
412
304
384
836
314
311
326
344
370
417
440
451
427
406
384
400
389
397
387
422
394
402
389
409
394
390
387
388
389
383
375
376
395
402
382
380
382
359
354
338
361
377
388
401
407
395
392
386
381
365
376
377
385
375
390
400
410
400
391
397
392
378
376
371
385
396
354
378
763
429
407
803
706
1112
896
305
369
1059
312
916
444
312
344
1303
474
1171
371
349
436
896
576
646
360
364
385
372
376
390
403
390
383
379
384
380
375
374
378
397
391
389
401
410
385
389
382
385
379
438
374
303
385
482
420
364
1417
962
577
369
370
458
287
486
302
379
368
376
369
357
374
368
520
484
473
454
387
650
451
625
332
1243
649
424
377
433
1408
376
334
324
601
341
2076
676
663
309
384
465
355
2003
340
345
450
640
388
403
481
685
396
389
372
373
383
369
455
656
367
377
383
359
381
372
375
379
356
366
362
384
350
341
371
501
305
369
324
417
428
513
314
398
373
378
438
651
379
396
390
408
385
400
375
387
369
379
445
278
375
358
364
356
370
356
370
356
345
358
350
431
642
356
365
357
362
360
358
337
354
352
350
342
338
345
342
357
322
332
333
333
332
337
372
380
395
372
374
369
363
345
347
363
340
430
349
631
349
362
342
345
353
341
338
344
343
426
617
337
368
691
353
353
370
366
354
348
364
362
358
364
369
349
729
365
395
476
309
457
310
376
382
379
361
349
381
349
368
391
411
398
383
394
405
373
371
752
363
366
373
366
361
459
650
380
366
371
373
364
382
357
364
370
350
388
435
365
370
316
386
435
649
358
368
354
339
362
363
365
369
461
262
336
361
414
627
366
442
653
352
366
358
367
369
376
373
352
378
370
355
370
444
302
382
396
394
386
395
409
369
373
389
369
389
381
390
369
389
367
398
391
370
378
396
388
383
355
379
358
389
354
380
371
365
379
371
383
370
380
370
363
370
357
370
377
359
388
468
312
367
387
462
663
356
448
640
376
360
381
354
387
373
376
367
367
372
375
357
372
351
382
357
360
373
358
365
384
349
373
363
432
355
352
658
388
357
370
388
377
361
368
368
378
382
432
655
372
355
379
362
354
450
358
636
375
349
373
346
345
365
364
364
378
384
442
651
369
373
379
354
365
368
345
369
352
436
643
354
359
377
343
376
356
368
378
347
374
355
439
652
355
434
283
371
354
449
650
346
377
340
352
349
373
359
348
363
366
377
386
351
372
382
349
365
378
435
301
345
372
379
382
347
367
366
362
374
356
351
377
428
283
368
386
359
363
373
364
359
367
358
347
360
359
378
386
397
366
390
382
384
352
371
367
352
377
344
374
357
370
363
366
379
366
384
348
371
382
369
367
368
365
367
444
626
368
343
356
364
385
387
745
382
465
647
378
358
372
371
386
388
389
389
370
361
374
367
376
354
366
372
455
373
308
408
392
387
390
374
442
645
348
373
374
457
312
397
372
459
302
369
367
365
371
360
364
359
367
355
344
355
367
361
364
440
659
363
359
428
622
361
420
619
371
365
440
655
364
358
359
349
352
351
361
354
354
368
395
462
661
379
447
364
292
360
353
440
653
364
461
661
377
370
443
634
355
365
340
362
357
365
465
312
367
385
376
366
336
351
350
355
375
343
384
387
385
372
382
370
395
365
356
349
362
357
365
358
373
358
363
372
356
355
380
331
355
373
338
353
351
621
458
427
666
446
360
649
303
465
353
366
669
462
407
326
416
383
383
386
370
388
369
345
379
355
368
363
379
402
720
302
514
335
307
660
432
850
443
342
2646
422
668
2388
308
841
491
322
398
916
306
529
552
432
346
357
366
372
378
368
377
397
390
377
372
378
378
367
366
375
377
384
301
463
400
385
302
459
389
309
370
447
382
376
374
379
392
387
380
388
391
393
301
449
304
455
371
303
391
469
308
391
389
458
372
381
374
374
658
444
371
372
378
383
385
565
472
439
378
365
303
454
309
340
615
466
1134
934
331
474
684
480
565
326
311
392
336
349
354
363
373
366
371
356
355
364
350
357
357
364
359
360
364
369
369
362
354
363
359
359
348
351
363
357
353
357
371
368
372
362
373
365
360
347
355
353
354
347
355
358
358
356
350
357
358
353
346
345
355
358
352
358
366
374
361
359
366
365
357
349
358
345
587
422
349
914
871
473
598
453
460
350
381
801
607
561
441
302
507
595
355
575
305
341
502
625
670
730
348
373
591
747
1357
410
858
1253
360
349
264
428
342
347
350
347
359
378
383
366
365
372
375
370
363
326
364
328
335
342
363
368
384
394
372
360
369
367
361
360
357
364
368
365
363
371
378
366
356
361
363
379
365
372
469
337
388
379
385
377
363
361
360
366
374
362
368
373
366
364
351
349
361
366
352
363
360
362
361
346
348
353
353
349
343
350
357
363
355
349
355
354
351
347
341
348
351
345
339
338
344
349
350
345
350
363
374
368
356
365
361
358
349
344
350
350
353
345
348
365
364
364
353
355
362
359
349
336
349
348
348
347
348
361
378
367
354
361
369
369
354
353
359
355
352
347
361
363
365
356
351
353
358
353
347
350
357
360
353
348
358
359
354
349
356
356
351
345
343
353
357
356
348
352
359
355
352
345
347
347
350
348
355
362
362
355
352
356
353
355
338
345
342
346
345
344
351
363
369
361
357
361
360
355
345
348
346
346
340
342
352
354
349
349
347
352
346
345
337
339
342
339
337
335
352
358
351
353
363
362
355
349
338
349
351
348
343
350
360
364
367
345
359
357
355
347
342
346
353
350
343
348
353
352
347
342
351
347
347
345
346
347
342
336
338
414
902
433
353
354
342
347
349
342
337
332
337
340
346
335
346
352
354
350
348
418
629
336
407
625
343
352
359
357
345
350
359
350
345
348
355
363
364
356
352
359
360
361
358
364
365
365
359
345
345
359
371
394
402
480
412
338
390
368
369
368
364
356
353
358
369
380
374
363
368
373
374
369
359
357
361
359
351
345
358
359
362
354
360
360
371
360
352
359
357
354
348
348
354
355
352
347
357
367
360
347
347
347
349
352
347
352
365
379
376
365
375
371
368
355
350
345
347
351
356
350
366
390
396
379
370
370
361
359
351
352
351
348
346
342
355
359
359
360
364
362
363
350
344
348
341
341
334
342
356
378
377
377
389
382
368
368
363
358
350
345
346
351
351
349
348
365
381
383
369
363
369
368
359
348
353
354
360
355
359
369
378
377
365
367
367
368
357
354
360
368
364
351
351
354
351
353
346
358
376
395
389
375
377
373
368
357
352
361
370
371
365
368
380
390
387
373
370
376
373
368
359
362
367
365
359
355
364
371
369
361
356
357
360
358
353
354
366
371
377
363
366
371
365
360
354
352
360
363
367
365
364
381
388
377
375
380
371
374
362
365
363
359
359
349
358
365
369
362
366
377
384
380
363
371
365
370
357
365
376
380
381
367
388
382
368
361
365
375
363
356
347
365
366
374
367
362
376
388
381
359
373
361
358
356
352
420
634
355
358
359
355
348
359
357
362
353
350
361
358
358
347
351
360
363
364
364
367
372
374
365
359
363
364
362
357
368
376
388
740
386
571
491
1282
471
368
583
561
1674
406
785
615
999
323
333
625
382
393
608
353
1358
317
303
321
354
319
351
352
375
683
413
447
566
375
374
521
627
353
368
390
482
