337
326
1882
396
337
313
711
357
334
376
489
536
520
548
451
407
562
577
448
411
413
324
464
366
365
673
532
555
520
341
755
315
1509
549
345
610
1192
1124
444
454
390
357
398
404
306
334
318
313
407
464
211
338
392
794
386
233
367
536
372
470
620
348
498
371
416
494
455
383
642
595
419
536
338
435
591
578
446
456
424
323
577
514
308
323
446
330
282
410
340
450
732
572
1335
397
473
404
450
630
468
326
331
319
411
341
566
434
574
357
503
623
578
406
309
404
459
315
375
627
457
377
443
302
319
535
451
446
436
397
666
386
497
692
452
753
1285
388
413
445
362
302
436
377
318
339
375
401
528
545
336
523
409
342
308
568
623
304
322
530
340
360
540
577
332
460
357
362
2250
1112
392
408
309
1234
359
503
330
460
406
448
960
451
323
1136
315
648
705
1452
1797
448
356
768
385
388
414
429
403
409
446
429
417
441
439
426
442
450
419
406
424
418
411
430
428
412
409
433
430
427
422
427
410
411
428
425
414
431
437
419
423
435
425
416
431
434
411
426
424
421
429
424
411
425
432
410
415
430
422
411
430
432
418
430
447
428
420
438
427
425
433
414
413
441
444
426
417
453
444
431
450
447
439
454
463
450
442
475
462
443
466
471
447
470
468
443
460
460
440
447
455
437
441
457
449
441
464
445
435
447
435
431
446
434
425
446
438
431
458
451
438
452
442
441
456
445
443
459
448
446
449
440
450
461
442
453
467
454
452
471
450
456
480
461
459
488
460
462
476
474
460
479
466
455
481
469
466
470
460
462
475
464
475
468
450
472
470
456
473
467
452
461
456
445
452
448
442
454
450
446
456
455
450
457
457
442
447
459
449
456
468
452
457
463
449
455
478
461
465
476
466
455
474
461
455
465
448
453
467
458
447
464
452
451
461
447
456
464
453
465
460
446
468
454
410
413
414
420
434
432
428
444
442
441
451
434
430
441
441
435
443
433
428
428
427
423
435
442
440
456
465
456
471
456
458
475
461
475
459
450
467
476
464
482
468
454
483
458
456
467
454
454
461
437
439
445
441
435
450
447
445
448
443
447
450
441
460
452
450
461
436
441
452
438
449
458
447
459
459
453
455
456
449
449
434
445
442
436
449
448
437
447
449
438
442
462
446
442
463
455
444
451
449
442
459
465
454
458
455
455
456
461
453
456
449
446
452
456
437
443
462
455
437
431
456
459
451
474
451
450
460
443
458
459
451
477
463
460
473
457
456
455
447
466
463
454
474
455
455
469
449
461
464
446
453
446
439
459
447
443
457
447
452
443
432
444
440
430
452
447
442
459
450
441
464
448
443
458
446
444
456
445
443
454
445
451
459
442
451
456
444
460
444
446
454
448
462
474
455
475
461
460
472
457
466
463
461
472
460
462
473
461
468
457
448
413
400
432
452
474
457
461
472
475
479
495
473
489
469
475
472
459
468
444
451
454
442
463
448
451
472
453
462
443
452
445
448
453
450
472
452
472
452
453
462
456
462
445
443
470
449
442
540
344
439
705
646
452
450
443
436
443
445
432
439
438
444
438
435
447
447
452
456
447
441
445
438
436
431
456
442
447
444
432
441
438
436
435
455
440
431
437
438
426
435
446
433
430
428
428
431
426
421
420
410
423
420
415
425
425
424
432
430
428
587
658
392
374
367
387
413
426
410
393
380
394
399
396
405
417
416
416
411
406
431
418
424
425
425
436
421
425
421
415
417
411
412
406
401
412
407
412
416
415
401
385
397
395
358
344
342
344
335
346
375
401
396
417
428
417
438
528
340
404
401
420
415
424
449
433
426
445
428
417
424
411
408
427
435
425
431
428
427
442
426
436
440
430
434
440
427
434
438
439
447
428
432
432
434
448
439
434
442
430
436
442
431
439
447
440
452
449
432
450
448
447
461
433
445
452
431
454
438
448
458
440
447
447
435
453
441
440
456
440
574
380
666
450
595
319
463
451
451
458
459
440
452
466
461
471
457
459
446
449
457
453
473
455
449
460
460
455
436
456
462
1161
1089
699
310
1025
575
382
1593
369
485
2464
483
799
1703
382
394
361
469
421
431
385
490
429
433
451
451
400
488
447
446
435
380
492
423
419
433
437
387
490
435
433
424
444
382
495
441
439
436
438
390
496
383
483
424
415
422
431
394
518
461
463
473
461
460
470
467
467
473
459
460
479
420
470
57
464
467
465
460
456
447
430
435
404
511
397
511
403
503
447
441
365
462
619
739
577
505
370
221
515
482
675
600
746
437
485
571
304
454
410
492
587
332
414
641
318
504
347
522
811
342
370
416
446
305
437
402
956
450
411
522
408
502
458
420
452
448
635
312
402
452
498
407
508
395
502
406
456
495
432
446
441
437
450
448
393
452
495
398
507
399
499
434
394
440
491
386
498
558
765
600
326
456
541
412
645
420
465
409
423
383
480
373
486
383
439
481
434
382
443
427
493
439
387
437
442
440
481
422
423
561
708
426
370
428
474
414
410
415
435
425
417
424
375
624
329
390
432
388
444
488
381
489
449
454
404
504
436
436
444
451
438
440
431
423
427
381
475
416
378
490
383
482
414
356
478
368
477
417
370
609
409
321
390
380
480
426
395
440
486
435
434
378
471
558
304
391
479
415
420
379
489
427
377
452
442
621
304
392
447
491
569
732
428
420
427
380
486
426
557
651
482
429
433
388
439
628
725
413
387
357
485
376
479
428
433
392
452
647
338
483
472
416
678
326
458
410
466
508
457
463
452
393
505
435
389
512
446
392
510
454
443
454
459
440
398
506
893
391
451
497
391
451
507
457
402
638
302
430
436
387
453
502
437
814
488
379
476
423
365
490
422
413
361
480
426
427
418
360
493
429
430
393
446
481
433
383
496
582
721
420
431
382
442
495
396
502
433
367
489
566
421
724
448
454
592
309
433
440
398
492
436
430
375
489
433
438
438
445
383
487
434
430
376
495
435
432
435
375
618
707
416
406
406
416
367
428
477
411
415
425
374
485
424
418
409
417
426
569
431
733
434
450
444
388
488
415
533
312
391
421
426
420
429
438
393
455
496
372
476
422
418
432
426
432
437
429
426
377
493
366
432
435
189
386
326
421
412
405
382
309
401
470
343
470
411
423
439
387
513
463
460
407
525
879
517
449
439
452
440
437
429
421
414
413
405
424
435
427
374
488
438
433
443
450
470
464
456
403
525
447
447
453
457
399
502
442
453
451
456
447
441
437
430
429
446
445
441
445
443
432
434
434
430
438
425
417
368
434
485
831
494
428
430
438
430
437
424
377
484
428
421
426
442
441
437
376
470
404
337
410
485
428
436
385
498
437
428
419
430
367
482
425
425
372
425
483
428
375
483
430
421
419
428
437
432
569
711
405
402
434
335
499
376
429
427
431
485
429
431
449
443
450
402
511
383
496
390
500
444
385
493
434
435
448
450
390
496
433
449
453
444
456
397
448
507
440
438
433
416
422
443
445
1539
346
362
664
459
513
392
568
2230
1266
336
361
417
446
473
594
302
429
453
468
466
457
459
452
450
462
470
462
451
430
407
417
451
473
487
485
442
394
406
417
434
440
417
401
416
441
447
455
437
600
305
383
312
456
320
384
354
432
353
357
370
390
442
456
463
461
432
418
430
425
429
416
404
419
439
443
423
399
404
412
422
435
421
412
430
436
433
434
415
410
431
444
414
393
384
403
419
443
438
421
403
408
413
422
419
409
420
428
434
421
394
522
608
423
449
455
461
464
459
463
459
456
448
454
450
448
445
438
438
432
1419
581
341
382
417
794
1702
304
356
394
975
390
830
705
838
1201
406
415
423
429
419
428
443
444
430
436
440
637
676
429
417
423
412
417
411
496
420
403
391
408
432
440
441
420
414
424
444
445
448
463
464
439
420
417
407
446
459
454
451
452
450
447
434
423
427
441
444
456
452
459
449
450
417
407
400
391
429
473
474
465
461
437
443
454
457
451
449
456
436
427
441
442
435
450
457
459
454
436
419
437
447
451
427
414
437
458
455
455
433
413
423
440
449
431
413
389
376
368
403
435
444
447
442
439
433
429
435
434
433
426
425
443
450
446
451
427
406
400
411
433
452
447
431
442
445
451
431
419
438
450
444
428
456
465
460
435
424
440
458
451
433
422
438
449
452
427
442
451
441
423
401
411
420
433
445
431
411
412
431
441
434
415
405
417
423
423
414
392
416
442
432
415
404
416
427
425
409
422
421
406
390
387
397
396
400
393
394
400
401
388
399
403
394
363
340
345
354
376
415
424
399
402
409
414
409
391
406
430
439
428
447
464
449
450
459
453
428
437
442
444
429
440
437
419
406
428
450
445
430
437
432
422
405
396
412
422
433
419
417
442
450
443
419
418
421
426
419
448
454
436
422
446
464
468
439
435
450
469
450
473
468
465
431
443
441
446
429
437
434
424
398
386
392
496
650
448
449
608
329
473
468
447
456
461
457
446
459
467
467
443
442
439
433
419
419
424
429
415
435
443
438
436
444
456
446
427
436
432
435
413
423
414
414
405
429
449
452
437
457
445
418
417
411
410
406
415
426
446
457
468
477
471
482
474
464
470
442
454
435
425
436
421
392
369
362
368
406
420
415
411
437
463
444
433
441
434
423
419
407
411
406
401
398
409
406
395
384
392
397
386
384
391
400
388
384
381
386
371
368
375
382
375
372
511
367
484
423
348
348
360
390
406
398
380
397
399
402
399
402
408
416
400
412
412
413
405
400
410
412
402
398
416
405
404
407
407
406
383
359
304
419
389
414
422
431
415
428
433
412
425
420
423
408
405
426
431
434
419
405
416
420
413
404
411
406
405
396
386
405
414
417
414
399
395
398
403
404
391
390
408
417
420
409
398
405
413
422
427
414
409
414
421
406
394
405
421
432
423
403
405
360
741
563
309
440
436
443
446
458
432
429
438
442
442
423
451
457
452
434
443
435
435
426
440
437
442
434
448
439
447
458
448
442
432
407
436
458
460
462
446
427
436
429
419
420
448
429
400
398
415
446
459
432
959
498
314
1257
567
869
609
1355
397
312
309
311
322
330
346
329
335
332
336
342
350
384
410
422
409
436
1874
323
314
310
389
230
351
349
355
459
358
637
464
376
388
372
390
403
396
417
421
412
409
405
424
420
410
412
410
378
385
377
400
406
398
402
422
424
409
418
420
424
421
428
403
314
558
306
420
433
425
343
473
415
421
417
416
398
391
410
343
494
309
383
488
425
422
422
415
395
409
410
407
403
318
462
405
412
416
421
323
510
420
427
406
317
502
426
438
423
404
409
411
414
408
415
412
399
429
425
462
427
409
405
406
401
395
390
396
396
393
381
452
380
317
414
410
405
399
403
393
377
375
380
385
381
349
344
337
344
349
354
371
392
391
379
385
362
397
398
390
393
399
398
398
398
469
305
400
411
407
395
398
407
414
397
401
401
403
396
403
404
398
392
400
406
314
392
374
366
483
409
408
412
412
408
410
400
410
432
427
411
418
422
435
428
426
420
411
401
395
397
403
405
409
406
406
411
431
437
420
406
403
412
419
412
409
423
422
422
411
416
421
418
414
404
401
418
407
398
395
409
416
415
412
422
430
430
433
416
410
417
417
421
410
404
429
438
429
427
492
314
408
425
438
426
496
326
398
440
437
430
423
406
417
436
436
335
423
89
395
378
396
436
446
436
438
433
429
430
448
443
425
420
411
427
441
441
443
444
431
426
415
492
413
337
441
452
440
430
424
427
429
415
491
402
346
442
438
437
428
416
405
398
399
414
419
420
421
438
433
423
436
425
412
411
418
424
419
421
421
420
425
424
414
404
400
408
414
408
407
411
418
425
417
411
427
429
416
405
401
401
403
395
396
387
402
408
407
401
393
403
414
410
406
409
407
397
398
402
422
430
424
417
412
420
425
426
414
411
431
434
440
421
491
333
422
426
413
399
389
384
404
403
399
395
405
418
411
398
396
413
411
410
396
392
401
396
396
405
412
401
482
667
429
352
307
397
414
418
422
421
416
414
395
394
462
324
415
414
401
396
470
308
397
411
397
396
386
377
374
368
386
396
400
387
396
405
431
439
434
422
419
425
419
424
427
421
422
426
446
432
426
414
400
407
398
409
410
419
423
418
414
409
421
412
407
416
405
395
394
403
400
392
400
388
412
417
403
397
405
406
402
392
385
399
399
392
386
405
400
396
401
404
406
393
402
402
405
397
401
402
404
390
393
393
402
392
389
393
390
385
381
388
397
404
399
390
384
396
406
397
398
405
412
390
387
395
396
397
393
383
378
387
394
394
397
394
404
406
409
410
423
415
411
421
428
429
423
434
432
428
426
426
441
426
415
417
429
441
430
424
420
433
441
450
455
538
278
625
337
471
529
380
304
491
431
443
439
422
417
426
428
423
403
426
430
427
436
432
430
418
407
407
434
443
431
431
412
405
410
428
427
429
414
409
399
416
429
434
426
415
414
417
346
514
421
411
403
405
394
412
417
420
417
420
409
411
412
403
417
428
421
417
404
411
412
417
407
396
454
301
393
420
416
395
395
460
315
405
409
407
407
405
413
441
437
424
431
423
408
403
398
411
414
403
400
412
418
412
418
416
410
416
425
410
396
383
387
397
428
420
491
330
441
442
428
425
428
435
445
437
427
453
446
441
505
367
448
1407
447
390
695
938
313
349
1179
1153
372
920
1161
307
500
421
735
404
436
445
449
447
440
446
438
377
1219
1042
660
622
305
340
472
346
1502
799
901
413
800
436
470
555
313
433
421
377
405
595
395
