1105
1105
532
337
394
337
268
513
376
341
446
340
379
435
309
329
468
530
525
440
560
522
607
513
384
374
406
468
459
446
365
403
267
313
323
301
405
279
278
317
284
390
340
387
382
337
394
419
439
368
350
555
545
275
350
264
294
298
393
291
254
310
275
261
465
428
307
268
258
380
303
266
363
403
251
293
261
525
443
530
533
401
329
308
310
324
497
408
483
385
421
700
421
710
494
1277
312
571
1303
869
282
442
308
439
339
296
357
294
447
341
305
367
307
310
301
482
285
339
477
304
319
491
560
357
306
254
288
1273
826
827
313
285
253
291
285
259
257
267
338
474
349
276
270
276
499
368
293
367
276
340
268
363
281
301
256
290
281
318
273
449
341
377
274
259
314
372
346
329
370
316
405
426
430
377
336
399
413
377
420
311
349
383
379
423
356
367
521
459
412
323
305
377
338
320
328
335
533
405
302
342
379
283
316
500
455
336
376
301
433
482
428
388
513
465
506
571
329
309
323
307
315
311
307
380
376
370
378
280
278
329
296
339
398
310
593
396
284
285
739
396
379
362
381
368
358
361
285
308
280
292
367
327
384
398
395
386
454
537
574
298
287
291
367
452
308
311
422
486
328
460
390
485
514
497
361
463
1471
1622
441
299
390
383
444
394
319
376
303
483
377
309
389
388
368
371
388
374
519
533
464
538
642
526
387
367
367
296
470
383
373
296
394
365
475
366
372
460
464
510
609
430
382
463
520
536
481
295
377
395
468
372
369
377
370
363
445
322
392
277
268
396
253
378
533
481
368
285
366
468
367
292
385
484
384
447
319
361
301
372
382
372
372
389
392
372
380
394
471
297
374
466
370
293
618
489
533
645
435
321
292
465
431
438
476
257
384
276
342
315
330
522
533
475
294
375
393
504
280
268
299
283
337
259
299
470
430
615
371
369
290
381
369
363
231
380
611
432
383
382
366
369
376
374
361
370
451
360
283
370
528
429
465
366
359
278
359
441
352
354
370
311
282
304
365
390
387
372
373
385
382
371
375
389
473
291
381
488
382
380
389
467
285
368
459
373
366
365
390
383
394
413
400
387
475
429
391
365
491
467
377
477
410
406
411
398
532
332
283
376
522
500
388
365
307
296
355
275
70
291
298
285
515
610
432
451
279
314
363
272
359
453
462
431
474
541
450
382
380
364
356
361
444
355
580
423
574
437
502
369
446
360
276
363
446
354
275
362
375
357
357
370
429
276
356
438
353
273
368
360
280
379
443
367
280
377
440
274
358
356
508
428
274
368
381
361
366
380
385
438
284
369
451
356
276
363
452
426
338
357
431
497
478
366
434
509
500
434
504
358
360
424
499
497
497
457
363
436
600
440
283
441
578
281
364
444
355
277
360
440
350
274
357
441
357
282
379
371
362
452
498
430
500
489
438
379
483
386
283
382
376
443
346
357
357
436
355
373
380
388
367
378
380
427
447
498
450
504
495
467
644
580
674
348
285
338
449
356
290
498
488
424
492
432
419
368
381
367
357
366
378
432
349
356
357
354
281
430
495
449
371
449
357
272
350
354
356
343
437
498
460
524
603
430
504
435
437
351
287
406
373
385
460
280
365
504
444
501
497
437
423
435
358
452
363
284
369
444
503
494
440
502
268
353
361
422
269
366
599
431
379
456
277
354
366
367
366
367
382
479
394
393
301
479
375
374
379
489
436
347
397
263
549
558
480
526
520
370
374
388
501
516
481
450
295
369
372
378
368
532
497
548
314
386
284
376
451
274
354
363
382
375
365
382
386
513
308
281
496
502
450
494
444
506
483
369
431
351
357
344
346
349
445
353
357
438
348
268
350
354
345
280
291
558
351
501
489
431
346
583
559
350
370
374
460
376
383
379
448
278
365
359
351
361
455
531
649
433
417
370
427
383
275
370
369
375
386
276
346
391
399
409
404
386
398
386
377
373
388
376
536
479
391
289
386
394
372
368
378
378
367
376
385
461
316
360
327
387
271
374
388
392
369
368
373
376
358
355
369
378
491
540
608
485
548
643
446
471
285
373
367
443
379
304
462
336
394
273
279
318
317
384
374
386
372
366
370
382
510
317
299
388
455
371
288
375
449
280
359
369
455
285
363
380
464
368
374
461
353
586
452
286
380
469
296
287
389
390
373
362
370
370
439
271
377
252
405
261
399
277
279
252
390
315
360
468
366
368
381
370
375
380
382
384
371
371
385
373
367
274
365
455
357
359
377
390
383
275
251
358
262
375
364
369
371
443
356
585
474
526
523
386
370
367
371
444
415
368
440
354
280
373
372
444
286
301
394
372
366
373
452
359
350
363
462
282
370
382
617
530
374
385
514
306
277
372
332
260
311
447
463
511
489
561
516
593
429
372
457
361
356
374
456
288
386
484
398
379
377
387
470
289
365
373
384
463
385
370
492
396
547
354
399
464
369
379
380
370
367
425
294
328
324
433
397
474
388
384
383
469
290
371
382
388
391
476
258
375
336
395
468
285
378
389
389
376
376
394
475
376
366
366
432
274
360
460
295
374
391
479
531
522
510
580
377
445
369
469
365
838
255
324
389
293
339
316
505
511
404
541
1236
671
398
573
371
336
392
494
544
277
361
380
381
390
393
399
302
262
260
403
375
387
454
319
378
397
403
416
398
384
401
398
392
378
384
396
400
396
526
404
483
553
370
389
402
398
371
386
392
390
394
375
392
393
385
369
358
362
367
367
374
384
300
260
301
451
392
390
377
367
374
381
388
376
371
389
386
372
371
388
378
377
364
372
380
371
365
364
382
371
376
375
395
393
386
373
383
380
361
361
430
296
308
461
521
554
473
374
390
389
383
365
359
380
379
358
366
377
453
307
439
318
386
384
364
363
383
378
381
367
365
376
373
361
365
386
402
410
395
402
398
397
368
448
455
315
324
390
409
366
447
429
402
539
377
229
379
376
362
367
383
383
383
384
416
290
418
389
336
393
392
371
446
310
375
366
268
256
259
417
407
402
405
398
387
376
388
386
365
367
371
378
383
363
374
387
380
381
362
370
376
372
362
354
362
369
361
351
359
367
368
369
364
377
376
374
353
432
301
306
436
353
378
390
391
385
400
406
396
381
390
389
377
372
382
442
302
364
388
388
394
383
388
386
393
453
371
452
386
377
303
366
308
381
457
366
440
380
374
370
371
387
385
368
370
378
378
374
455
389
399
324
379
253
308
307
360
351
361
371
372
363
376
382
455
361
438
512
436
499
510
374
290
289
509
291
304
434
507
289
285
350
353
359
361
353
359
366
371
359
352
359
444
302
355
362
303
373
372
367
445
309
311
718
729
369
360
358
352
366
305
288
298
511
513
367
369
361
373
372
371
369
370
269
255
297
310
355
427
444
447
374
317
402
404
388
377
386
374
379
527
442
460
530
489
458
479
545
479
320
397
376
380
393
399
396
398
288
259
318
328
371
515
375
306
369
371
460
399
389
531
322
339
319
405
500
282
303
404
331
588
583
459
383
451
441
370
364
361
290
371
311
365
379
394
389
385
388
382
456
302
372
378
383
375
377
391
399
387
383
385
378
377
376
363
370
321
441
368
370
382
383
311
412
404
402
469
356
355
308
432
518
502
514
483
344
356
360
356
352
349
351
366
357
370
371
387
374
378
377
384
384
366
373
372
379
364
372
371
385
377
379
390
393
396
376
377
382
389
394
439
381
320
391
382
379
386
387
381
375
382
388
371
377
381
386
386
381
381
392
396
395
375
382
388
388
380
380
386
371
375
374
382
392
379
382
386
393
383
374
374
386
365
369
380
379
387
376
378
379
310
371
292
324
375
375
371
383
371
370
375
383
378
372
379
383
384
366
373
371
381
370
369
378
381
370
370
374
381
369
359
365
364
370
356
368
375
384
374
370
316
344
359
357
357
364
384
378
390
399
407
403
394
390
390
378
424
372
378
381
386
404
416
418
391
385
389
377
372
376
381
380
374
386
392
409
395
389
392
395
379
379
382
370
371
384
390
383
381
385
394
399
393
392
392
372
376
387
385
393
389
387
397
406
412
396
389
381
383
388
378
375
383
399
409
397
403
399
407
397
388
400
393
394
374
373
379
379
378
368
384
389
397
385
373
379
381
381
377
377
381
372
366
375
377
365
359
377
385
379
436
318
377
387
366
367
369
385
378
381
379
393
394
384
380
387
389
371
380
383
377
366
373
437
332
379
380
341
376
1216
354
474
374
413
476
425
433
473
744
688
836
313
328
343
370
417
440
451
427
406
384
400
389
397
395
419
398
394
392
409
394
390
387
388
389
383
375
376
395
402
382
380
382
354
338
361
377
388
401
407
395
392
386
365
376
377
385
375
383
400
410
400
391
397
392
378
376
371
385
396
354
747
394
429
407
405
398
435
1112
426
612
396
509
665
506
312
344
285
331
852
498
549
403
338
474
356
371
359
360
386
371
305
386
403
390
383
379
384
380
375
374
383
393
391
389
401
410
385
389
382
385
374
367
369
385
386
382
318
378
767
342
698
264
272
363
311
370
368
379
399
381
450
380
379
357
374
368
446
301
426
473
454
383
361
374
369
348
360
494
273
424
377
333
819
589
376
334
266
333
326
341
1014
676
585
355
265
465
355
333
1075
587
345
450
259
349
305
466
401
402
378
384
393
394
369
374
383
369
374
365
295
439
381
373
359
381
372
375
379
357
373
364
371
354
352
371
501
305
369
324
417
428
430
394
390
379
376
362
362
388
396
391
399
396
398
374
379
378
375
367
359
367
366
360
357
366
360
360
354
352
355
360
352
351
364
363
365
356
358
357
354
348
355
354
348
343
339
348
333
347
337
334
331
337
332
337
372
380
395
372
374
369
363
345
347
354
349
348
348
351
353
357
351
347
352
353
338
341
344
342
342
343
347
346
363
349
346
353
357
360
361
355
358
365
364
358
360
361
357
371
359
367
395
476
309
378
389
381
383
368
366
359
369
357
370
392
402
406
385
392
397
379
373
374
446
441
367
362
371
366
378
370
362
374
372
369
364
367
380
366
362
362
363
375
365
365
371
387
382
367
364
367
359
353
353
353
360
366
364
368
383
723
697
700
349
365
363
359
362
364
369
355
359
369
376
369
365
369
368
364
373
364
371
396
394
389
399
390
379
379
378
380
382
388
380
377
377
390
390
380
381
383
392
379
366
370
370
375
365
369
373
376
377
372
375
372
374
369
365
375
365
370
377
359
388
468
377
380
386
383
367
364
372
364
358
362
368
368
368
367
378
382
375
368
367
367
369
366
362
364
372
366
361
361
368
366
370
364
361
366
357
358
354
359
369
381
371
370
374
379
373
368
368
374
372
367
357
365
372
366
365
364
365
369
360
356
361
365
359
352
357
355
366
360
367
371
384
368
367
366
364
376
366
359
360
366
359
355
352
436
357
356
371
362
355
368
365
366
363
364
363
366
360
359
361
364
358
361
363
358
375
360
359
356
361
352
355
352
373
359
348
363
366
378
371
365
374
367
363
363
368
371
361
361
372
377
368
362
368
368
361
358
360
360
365
362
364
367
374
369
367
373
364
359
367
358
358
360
360
367
390
380
390
382
384
362
366
361
365
357
367
366
370
348
378
367
366
384
348
371
382
375
369
364
365
367
427
370
367
340
364
385
387
382
363
382
382
381
364
370
366
372
371
388
389
389
370
361
371
367
364
359
367
380
378
373
388
397
399
389
379
379
366
357
358
359
373
374
372
387
397
388
376
378
376
368
366
361
364
368
359
367
355
352
356
356
364
364
367
365
367
363
365
354
350
347
351
351
344
353
366
369
363
362
364
365
367
358
349
352
351
357
352
368
395
387
368
373
369
375
363
362
363
363
359
360
364
371
378
371
375
370
375
363
355
357
355
359
346
357
365
387
390
367
376
371
364
351
347
350
356
359
363
382
385
385
374
377
372
383
368
359
356
365
351
358
358
373
358
363
358
370
355
380
331
355
373
338
353
351
343
432
372
347
373
373
364
358
357
393
310
352
362
365
381
387
407
403
411
388
386
305
376
388
369
345
379
355
368
366
367
376
784
325
465
370
302
283
411
673
414
403
382
629
359
456
290
349
273
289
665
1021
841
491
705
579
622
306
520
546
352
426
352
368
375
375
371
377
396
389
376
374
379
378
367
366
375
377
384
376
390
400
386
375
383
391
383
372
372
381
377
372
379
392
387
380
388
391
393
374
377
384
372
373
391
396
382
390
389
388
374
376
375
376
368
359
371
375
374
371
383
385
565
472
439
378
303
454
309
649
653
463
361
353
312
331
364
366
474
298
386
388
315
316
339
345
357
363
373
367
368
359
355
364
349
357
357
364
359
360
365
368
370
361
357
361
359
359
351
360
360
352
358
371
369
370
364
371
365
361
347
355
353
354
350
354
357
359
355
352
356
359
352
345
346
354
358
352
359
366
374
359
361
365
366
358
351
358
345
424
346
349
368
314
450
421
473
598
453
460
350
275
213
389
395
575
435
444
313
270
297
341
334
333
374
481
325
424
306
348
717
435
802
442
382
365
590
358
562
505
476
410
344
345
354
343
338
349
347
359
378
383
366
365
372
375
370
363
326
364
328
335
342
363
368
384
394
372
360
369
367
361
360
357
364
368
365
363
371
378
366
356
362
364
371
369
377
398
405
397
373
385
377
363
361
360
366
374
362
368
373
366
364
351
349
361
366
352
363
360
362
361
346
348
353
353
349
343
350
357
363
355
349
355
354
348
346
343
350
350
344
337
341
344
349
350
345
350
363
374
368
356
365
361
358
349
344
350
350
353
345
348
365
364
364
353
355
362
359
348
340
348
349
345
348
348
361
378
367
354
361
369
369
354
353
359
355
352
347
361
363
360
354
354
354
356
347
350
357
356
352
352
357
358
352
354
355
356
351
345
345
354
355
356
348
352
358
353
351
348
346
347
349
350
355
361
362
354
355
356
353
352
338
347
341
347
345
344
351
364
368
361
357
361
360
355
345
348
346
346
340
342
352
354
349
349
347
352
346
345
337
339
342
339
341
335
351
358
351
353
363
362
355
346
342
348
352
347
344
351
360
363
364
350
358
356
354
343
346
348
352
349
344
348
354
349
348
343
352
347
347
345
346
347
338
337
341
414
358
424
285
354
342
347
349
342
337
335
338
337
345
338
347
351
353
350
350
351
350
342
338
342
344
347
343
354
358
356
346
352
358
347
348
348
355
363
364
356
352
359
360
361
358
364
365
365
359
346
346
360
371
393
405
408
412
408
389
372
367
367
362
355
356
358
370
378
373
367
368
374
370
369
361
361
359
351
348
358
359
359
356
362
358
371
359
354
357
354
348
348
354
355
352
347
357
367
360
347
347
347
349
352
347
352
365
379
376
365
373
371
365
354
356
347
351
355
355
365
391
395
381
370
370
360
358
353
352
351
348
346
346
355
358
358
363
364
362
363
350
344
348
341
341
334
342
356
378
377
377
388
382
368
368
363
358
350
345
346
351
351
349
348
365
382
381
370
365
368
365
360
347
355
354
357
357
361
369
378
375
367
367
366
368
357
354
360
368
364
351
351
354
351
353
346
358
376
393
389
377
376
374
363
360
351
363
370
369
368
368
380
389
386
375
369
377
373
368
359
362
367
363
359
357
365
370
366
363
355
357
360
358
354
356
366
371
375
367
365
370
364
357
358
352
360
363
366
367
365
380
387
377
379
376
372
373
365
363
362
359
359
349
358
365
369
363
367
376
385
363
371
365
370
357
365
377
378
383
368
387
382
368
361
365
375
363
360
357
351
362
368
371
367
366
377
384
380
362
369
362
358
356
352
420
287
347
355
358
359
355
348
359
357
362
353
350
361
358
358
347
352
361
363
365
361
367
372
374
365
359
363
364
362
357
368
376
384
366
378
1033
491
987
471
368
583
436
283
297
275
517
279
356
884
518
298
1094
350
323
333
363
382
261
378
580
377
589
392
317
323
330
341
375
350
333
413
315
331
367
375
374
415
338
386
363
252
264
367
376
374
372
489
