167
1272
3000
3337
3646
3983
4251
4774
5150
5491
5937
6277
6656
7091
7400
7729
8197
8990
9801
10241
10801
11323
11930
12731
13115
13489
13521
13989
14448
14878
15243
15646
15913
16226
16616
16917
17322
17580
17858
18175
18459
18849
19189
19576
19958
20295
20689
21108
21547
21915
22265
22674
23219
23506
23856
24120
24414
24696
25089
25380
25634
25944
26219
26480
26684
27112
27419
27704
27962
28342
28594
28860
29223
29626
29877
30170
30431
30714
31157
31687
32220
32879
33208
33516
33826
34150
34885
35703
36186
36571
36992
37692
38113
38823
39317
40581
40893
41464
42754
43636
43918
44360
44629
45068
45407
45703
46060
46354
46801
47142
47447
47826
48133
48443
48744
49226
49767
50106
50812
51116
51435
51926
52486
52843
53149
53403
53691
54964
55803
56983
57296
57597
57850
58141
58426
58685
58942
59209
60634
61108
61457
61597
61867
62143
62642
63010
63586
63953
64229
64557
64825
65188
65469
65781
66037
66327
66598
66916
67189
67653
67994
68371
68553
68812
69126
69779
70125
70454
70824
71140
71571
71997
72427
72510
72846
73245
73609
73986
74406
74702
75051
75875
76254
76570
76926
77293
77832
78291
78900
79223
79736
80113
80451
80756
81084
81419
81952
82685
82987
83329
83525
83808
84124
84668
85123
85769
86145
86446
86860
87342
87770
88158
88671
89136
89642
90213
90625
90934
91257
91564
91879
92190
92497
92877
93253
93610
93988
94268
94558
94887
95183
95522
95920
96230
98785
99181
100594
100879
101618
102014
102393
102755
103136
103504
103862
104223
104508
104816
105096
105388
105723
106515
106899
107297
107653
108039
108493
108576
109150
109733
110020
110311
110678
111130
111438
111749
112171
112657
112985
113502
113892
114377
114999
115496
115857
116320
117878
119963
120404
120703
121093
121476
121920
122314
122633
123009
123312
123795
124172
124510
124899
125287
125655
126026
126414
126788
127307
127840
128304
128842
129484
130010
130617
130984
131351
131682
132152
132535
132908
133204
133644
134009
134768
135134
135828
136288
136611
137121
137730
138160
138799
139262
139782
140318
140799
141094
141471
141866
142334
142669
143038
143415
143785
144148
144626
144948
145340
145581
145849
146245
146498
146876
147409
147689
148057
148342
148708
149176
149543
149835
150220
150704
151088
151535
151854
152215
152546
152918
153300
153672
154044
154433
154825
155197
155532
155926
156397
156694
157068
157534
157904
158197
158588
159077
159610
160255
160690
161011
161303
161768
162199
162544
163020
163675
164059
164335
164643
164958
165288
165810
166343
166818
167112
167487
167880
168384
168529
168797
169096
169379
169716
169975
170274
170744
171174
171789
172596
172965
173255
173674
174043
174406
174637
175017
175593
176025
176709
177091
177457
177826
178202
178576
178937
179625
180076
180436
180719
181089
181507
181936
182618
182984
183343
183621
183980
184421
184731
185085
185455
185650
185932
186236
186601
186991
187378
187750
188123
188508
188890
189261
189590
189979
190452
190743
191124
191612
191994
192665
193054
193521
193806
194174
194594
194967
195333
195653
196043
196865
197259
197672
198072
198794
199269
199698
200089
200454
200580
201047
201533
202010
202716
203122
203533
203931
204463
204762
205045
205421
205943
206443
206872
207237
207544
207840
208195
208470
208540
208831
209129
209414
209612
210222
210654
211105
211384
211698
212061
212333
212692
213145
213519
213950
214424
214609
215059
215729
216109
216473
216829
217190
217634
217989
219038
219461
220035
220865
221367
221868
222314
222674
222950
223313
223759
224113
224388
224829
225204
225561
225918
226570
226999
227275
227598
228036
228389
228696
229064
229847
230127
230542
230985
231352
231632
232009
232449
232690
233048
233404
233874
234302
234502
234870
235251
235612
235978
236358
236743
237181
237465
237834
238285
238641
238917
239280
239695
240121
240720
241077
241508
242005
242483
242849
243283
243792
244292
244726
245230
245713
246073
246497
246996
247870
248367
248949
249312
249782
250382
250822
251105
251704
252282
252563
252927
253371
253726
254003
254363
254803
255153
255427
255751
256192
256582
256864
257243
257663
258025
258541
259039
259469
259969
260458
260932
261599
262082
262468
262751
263133
263509
263952
264298
264547
264904
265340
265729
266102
266482
266870
267237
267578
267958
268385
268867
269365
269772
270276
270771
271238
271882
272462
273168
273711
273996
274334
274783
275139
275429
275637
276125
276549
277041
277920
278339
278593
278974
279341
279698
280064
280442
280874
281223
281854
282211
282565
282846
283276
283603
284052
284739
285188
285545
285817
286167
286521
286877
287220
287769
288267
288727
289251
289854
290284
290818
291253
291690
292041
292724
293130
293825
294210
294670
294950
295315
295686
296130
296631
297128
297565
297988
298423
298515
298967
299330
299647
300016
300460
300963
301457
301897
302399
302519
302872
303233
303655
303924
304290
304720
305151
305786
306242
306519
306873
307239
307606
307972
308339
308721
309200
309594
309987
310288
310767
311142
311801
312180
312599
313035
313554
313951
314214
314763
315321
315801
316327
316847
317602
317976
318364
318684
319200
319681
320131
320700
321069
321441
321819
322187
322954
323451
323999
324652
325038
325322
325698
326149
326423
326777
327140
327522
327897
328262
328644
329030
329543
329851
330132
330500
331002
331452
331946
332390
332862
333345
333714
334145
334798
335155
335499
335845
336194
336639
336992
337623
338061
338409
338677
339027
339381
339726
340006
340297
340823
341174
341675
342164
342639
342985
343807
344366
344670
345040
345414
345874
346535
346918
347297
347745
348023
348388
348792
349143
349777
350232
350763
351412
351886
352303
352634
353061
353444
353719
354089
354458
354501
354887
355163
355509
355900
356299
356516
356920
357306
357704
358090
358467
358840
359228
359604
360140
360797
361188
361477
361863
362257
362629
362997
363375
363800
364167
364860
365245
365706
366022
366382
366825
367212
367483
367536
367924
368316
368685
369053
369426
369802
370160
370515
370884
371262
371688
372228
372836
373321
373869
374512
374958
375429
375595
375968
376335
376778
377157
377461
377583
377919
378313
378586
378865
379183
379500
379884
380258
380644
381016
381382
381706
382088
382598
382915
383214
383602
384057
384428
384716
385091
385540
385820
386179
386548
387003
387288
387651
388031
388495
388863
389521
389982
390335
391035
391822
392108
392488
392957
393253
393624
394013
394403
394776
395138
395508
395878
396317
396556
396933
397185
397590
397851
398250
398527
398806
399058
399448
399801
400161
400629
400995
401688
402069
402439
402814
403194
403576
403960
404331
404702
405087
405460
405827
406101
406466
406921
407278
407593
407970
408360
408789
409064
409315
409673
409935
410310
410631
411000
411371
411814
412170
412784
413258
413820
414343
414776
415146
415830
416201
416645
417060
417644
418084
418438
418718
419091
419463
419907
420193
420577
420971
421343
421709
422082
422534
422893
423243
423847
424309
424626
424996
425378
425817
426347
426518
426903
427417
427723
428000
428372
428704
428964
429275
429609
430072
430583
431072
431633
432149
432742
433171
433791
434248
434573
434929
435619
436075
436363
436749
437233
437588
437967
438344
438688
439158
439447
439812
440185
440569
441032
441417
441723
442215
442573
443120
443474
443703
444167
444868
445247
445627
445997
446364
446823
447117
447445
447769
448202
448630
449104
449492
449876
450259
450906
451196
451567
451949
452337
452728
453204
453696
454071
454407
454649
455117
455402
455780
456169
456558
456934
457310
457704
458179
458518
458884
459575
460007
460281
460641
461101
461396
461770
462161
462640
463171
463693
464203
464783
465528
465973
466583
467052
467417
469087
469733
470057
470446
470739
471078
471394
471987
472498
472902
473443
474679
475350
475845
476418
476738
477074
477466
477520
478064
478625
478986
479366
479747
480137
480530
480929
481231
481493
481753
482156
482531
482918
483372
483691
484069
484466
484869
485285
485683
486067
486468
486866
487258
487636
488020
488416
488816
489212
489738
490142
490584
491137
491545
491934
492336
492734
493105
493491
493883
494273
494667
495042
495434
495827
496212
496581
496939
497301
497668
498035
498409
498793
499093
499353
499654
500105
500867
501257
501667
502034
502408
502789
503177
503553
503924
504313
504699
505071
505442
505830
506208
506585
506949
507321
507701
508072
508437
508801
509183
509554
509930
510305
510667
511060
511446
511853
512236
512616
512977
513338
513808
514104
514412
514784
515305
515897
516370
516744
517134
517523
517906
518271
518630
519010
519389
519747
520113
520490
520943
521250
521689
522007
522393
522777
523141
523504
523887
524265
524646
525013
525378
525754
526127
526488
526853
527239
527641
528051
528446
528811
529209
529606
529974
530422
530877
531192
531516
531906
532315
532784
533231
533622
534024
534962
535339
535611
535990
536366
536728
537095
537478
537861
538244
538628
539044
539619
540037
540426
540678
541071
541463
541834
542280
542590
542965
543331
543599
543855
544114
544635
545042
545444
545849
546247
546530
546906
547294
547680
548045
548412
548783
549161
549544
549907
550281
550668
551048
551429
551791
552161
552537
552909
553271
553625
553987
554356
554753
555104
555463
555791
556159
556528
556892
557269
557645
558019
558372
558842
559143
559449
559885
560238
560583
560973
561364
561749
562149
562555
562951
563332
563722
564111
564829
565201
565620
566062
566364
566728
567116
567504
567898
568281
568669
569055
569448
569866
570237
570689
571075
571452
571755
572121
572429
572810
573267
573633
574073
574453
574724
575094
575465
575852
576237
576605
576975
577353
577731
578105
578594
578983
579382
579636
580015
580576
580884
581191
581551
581902
582263
582634
583006
583369
583745
584127
584546
584907
585345
585901
586337
586836
587346
587537
587827
588116
588658
588949
589253
589611
590118
590770
591055
591405
591758
592117
592478
592831
593190
593556
593927
594286
594638
594997
595441
595743
596098
596460
596799
597172
597577
597944
598389
598736
599047
599765
600494
600529
600889
601247
601635
602001
602306
602773
603071
603618
604131
604498
604534
604895
605268
605640
606011
606380
606750
607019
607274
607571
607881
608236
608663
609107
609745
610119
610436
610869
611273
611661
612038
612424
612798
613177
613511
613953
614413
614983
615472
615930
616409
616954
617433
617788
618185
618597
618977
619370
619769
620165
620563
620851
621110
621428
621756
622127
622605
622980
623286
623655
624026
624486
624777
625166
625697
626019
626358
626712
627117
627575
627857
628160
628564
628895
629624
630207
630666
631500
631951
632392
632656
633020
633381
633780
634151
634462
634864
635243
635637
636026
636411
636765
637147
637603
637905
638277
638688
639071
639446
639823
640214
640613
641000
641383
641731
642109
642486
642519
642882
643252
643573
644014
644382
644752
645134
645517
645828
646240
646644
647046
647515
647871
648226
648534
648966
649636
650138
650652
651135
651681
652037
652397
652715
653067
653416
653835
654201
654523
654893
655264
655651
656025
656403
656780
657164
657548
657914
658287
658659
659038
659402
659774
660145
660530
660907
661286
661676
662069
662465
662841
663218
663600
663989
664383
664822
665203
665523
665914
666296
666675
667061
667448
667829
668578
668960
669348
669719
670096
670477
670863
671249
671596
671977
672369
672765
673160
673564
673946
674334
674685
675065
675445
675865
676236
676611
676985
677367
677759
678138
678520
678906
679299
679647
680021
680395
680815
681180
681549
681929
682308
682695
683071
683449
683828
684551
684922
685760
686084
686459
686834
687205
687588
687959
688329
688704
689087
689465
689837
690216
690599
690983
691349
691722
692093
692474
692844
693213
693591
693972
694342
694712
695086
695467
695836
696195
696560
696924
697294
697650
698018
698393
698777
699151
699521
699837
700181
700597
700954
701311
701675
702059
702437
702862
703261
703636
704039
704433
704823
705213
705591
706015
706730
707108
707489
707875
708279
708695
709113
709863
710248
710673
711050
711422
711798
712179
712559
712933
713319
713680
714089
714484
714873
715265
715692
716071
716822
717204
717574
717945
718329
718719
719102
719483
719868
720262
720661
721054
721446
721805
722568
722944
723331
723716
724109
724498
724885
725282
725688
726100
726496
726885
727266
727649
728037
728415
728790
729173
729572
729981
730378
730781
731180
731587
731984
732372
732772
733165
733559
733933
734306
734717
735096
735474
735842
736226
736615
737012
737397
737770
738149
738530
738911
739288
739665
740046
740806
741172
741547
741924
742289
742648
743025
743410
743789
744225
744509
744886
745273
745672
746039
746408
746793
747171
747518
747897
748290
748718
749102
749482
749869
750258
750629
751009
751392
751769
752135
752508
752945
753277
753656
754036
754820
755196
757511
757865
758339
758713
759126
759602
760027
760460
760933
761532
762220
763056
763653
763981
764324
764721
765138
765578
766029
766456
766862
767246
767646
768035
768432
768794
769213
769611
770005
770397
770835
771229
771619
772006
772394
772783
773166
773541
773917
774312
774714
775096
775476
775858
776571
776909
777270
777647
778035
778436
778843
779238
779630
780016
780762
781138
781515
781900
782275
782665
783065
783475
783875
784266
784663
785055
785433
785809
786180
786565
786961
787315
788062
788456
788885
789292
789697
790095
790801
791913
792784
793396
794559
795068
795733
796239
796526
796870
797155
797486
799890
800388
800937
801592
801930
802404
802760
803131
803490
803850
804236
804607
804912
805298
805742
806132
806515
806894
807278
807658
808033
808407
808827
809220
809573
809962
810363
810773
811158
811547
811929
812314
812727
813094
813463
813848
814234
814616
814934
815312
816534
816876
817574
817838
818110
818473
818784
819154
819564
819943
820342
820723
821173
821553
821932
822536
822910
823278
823763
824064
824490
824755
825209
825553
825914
826288
826657
827005
827365
828897
829546
829970
830347
830680
831599
832188
832564
832898
833164
833497
833823
834164
836240
836916
837669
838024
838289
838737
839092
839425
840550
841137
841780
842230
842489
842532
842837
843303
843704
844106
844484
844868
845261
845655
846024
846398
846740
847109
847526
847891
848186
848625
849006
849379
849706
850087
850459
850834
851213
851604
851977
852341
852712
853066
853418
853743
854244
854549
854918
855242
855659
856087
856566
856960
857350
857729
858105
858826
859188
859576
859972
860363
860762
861158
861556
861930
862309
862687
863062
863429
863788
864155
864521
864881
865238
865604
865964
866324
866678
867030
867385
867745
868097
868448
868812
869175
869540
869896
870254
870611
870965
871313
871668
872022
872370
872713
873052
873400
873733
874080
874417
874751
875082
875419
875701
876038
876410
876790
877185
877557
877931
878300
878663
879008
879355
879756
880105
880453
880801
881152
881505
881862
882213
882560
882912
883265
883603
883944
884288
884630
884972
885315
885662
886008
886371
886720
887066
887419
887776
888136
888497
888852
889210
889575
889939
890297
890657
891018
891375
891746
892105
892472
892823
893299
893608
893986
894375
894792
895175
895543
895909
896268
896637
896994
897364
897756
898158
898564
898949
899341
899738
900117
900490
900526
900972
901604
901971
902333
902704
903070
903448
903818
904180
904554
904926
905295
905659
906026
906406
906772
907134
907496
907859
908234
908599
908964
909335
909722
910104
910471
910835
911202
911561
911914
912267
912620
912980
913346
913710
914078
914461
914758
915455
916155
916540
916905
917268
917627
917989
918353
918722
919077
919436
919769
920145
920549
920914
921283
921651
922015
922388
922752
923123
923867
924261
924693
925092
925482
925861
926615
926993
927373
927755
928143
928523
928900
929277
929667
930057
930437
930818
931201
931593
931972
932338
932708
933078
933453
933818
934187
934560
934936
935313
935685
936060
936432
936806
937175
937540
937915
938280
938604
938981
939340
939728
940196
940539
940919
941305
941688
942055
942419
942791
943155
943513
943875
944243
944611
944979
945346
945724
946106
946481
946849
947216
947583
947952
948318
948680
949044
949416
949782
950143
950504
950872
951238
951608
951972
952333
952699
953056
953414
953768
954127
954496
954877
955248
955575
955949
956328
956701
957069
957437
957856
958228
958595
958952
959317
959689
960055
960420
960784
961149
961518
961878
962234
962595
962960
963319
963671
964028
964383
964749
965109
965476
965847
966231
966599
966966
967332
967696
968072
968438
968797
969157
969523
969882
970237
970560
970996
971671
972027
972398
972760
973115
973483
973848
974214
974577
974941
975304
975670
976030
976389
976750
977114
977472
977833
978196
978554
978929
979289
979648
980004
980365
980717
981072
981424
981750
982109
982457
982820
983186
983607
983978
984343
984717
985084
985447
985810
986178
986549
986910
987271
987643
988020
988388
988750
989118
989486
989847
990205
990565
990925
991290
991652
992016
992383
992757
993126
993493
993820
994184
994543
994910
995268
995659
996019
996379
996746
997136
997861
998251
998633
999017
999773
1000139
1000500
1000865
1001222
1001589
1001955
1002325
1002644
1003022
1003389
1003755
1004139
1004487
1004858
1005240
1005652
1006021
1006385
1006709
1007076
1007909
1008279
1008646
1008986
1009577
1009962
1010349
1010731
1011094
1011476
1011521
1011902
1012632
1013002
1013368
1013740
1014111
1014841
1015230
1015619
1015989
1016350
1016765
1017132
1017496
1017855
1018222
1018602
1018980
1019353
1019741
1020138
1020537
1020926
1021305
1021684
1022050
1022407
1022765
1023124
1023497
1023871
1024243
1024597
1024994
1025382
1025786
1026164
1026540
1026908
1027274
1027635
1027999
1028367
1028682
1029049
1029404
1029790
1030146
1030502
1030866
1031230
1031597
1031962
1032329
1032692
1033057
1033411
1033761
1034108
1034459
1034810
1035154
1035507
1035873
1036242
1036605
1036967
1037331
1037696
1038063
1038421
1038727
1039079
1039430
1039833
1040185
1040867
1041262
1041690
1042058
1042431
1042800
1043175
1043538
1043900
1044263
1044626
1044985
1045345
1045709
1046080
1046458
1046829
1047204
1047574
1047949
1048312
1048667
1049024
1049379
1049738
1050084
1050762
1051127
1051514
1051904
1052271
1052693
1053064
1053428
1053779
1054126
1054476
1054832
1055191
1055554
1055936
1056321
1056706
1057080
1057457
1057829
1058212
1058580
1058939
1059295
1059660
1060011
1060369
1060695
1061068
1061426
1061789
1062147
1062517
1062872
1063252
1063583
1063938
1064311
1064649
1065002
1065353
1065743
1066175
1066547
1066894
1067560
1067933
1068297
1068655
1069012
1069405
1069715
1070067
1070429
1070794
1071175
1071562
1071969
1072372
1072783
1073171
1073557
1073862
1074238
1074657
1075026
1075371
1075750
1076105
1076473
1076513
1076880
1077256
1078040
1078365
1078830
1079200
1079502
1079785
1080196
1080869
1081737
1082140
1082522
1083559
1083918
1084374
1084731
1085080
1085353
1085642
1086307
1088646
1089795
1090286
1090561
1091140
1091922
1092228
1092799
1093345
1093697
1094123
1094475
1094769
1095144
1095519
1095890
1096267
1096663
1097052
1097428
1097802
1098181
1098597
1098964
1099330
1099705
1100082
1100466
1100801
1101191
1101591
1101977
1102352
1102735
1103126
1103509
1103881
1104253
1104634
1105011
1105383
1105802
1106194
1106581
1106961
1107349
1107740
1108133
1108844
1109221
1109605
1109977
1110350
1110741
1111137
1111519
1111909
1112298
1112686
1113060
1113436
1113811
1114187
1114555
1114914
1115285
1115660
1116034
1116405
1116829
1117214
1117779
1118251
1118690
1119068
1119736
1120190
1120499
1120839
1121492
1121935
1122296
1122649
1122961
1123292
1123656
1124022
1124793
1125091
1125477
1126880
1127195
1127511
1127850
1128195
1128552
1128915
1129288
1129655
1130023
1130382
1130737
1131101
1131450
1131845
1132202
1132566
1132925
1133285
1133612
1133980
1134350
1134711
1135068
1135429
1135825
1136184
1136847
1137207
1137567
1137919
1138277
1138648
1139017
1139387
1139751
1140122
1140487
1140848
1141195
1141586
1141939
1142293
1142605
1142959
1143316
1143675
1144030
1144382
1144738
1145097
1145449
1145794
1146140
1146494
1146852
1147204
1147563
1147929
1148303
1148662
1149023
1149388
1149754
1150112
1150463
1150854
1151199
1151826
1152172
1152521
1152889
1153203
1153921
1154342
1154815
1155413
1155866
1156326
1156676
1156951
1158659
1159048
1159443
1160018
1160453
1160897
1161539
1161809
1162106
1162447
1162755
1163088
1163462
1163943
1164268
1164668
1164974
1165322
1166061
1166496
1167298
1167740
1168122
1168487
1169077
1169435
1169639
1170144
1170535
1170945
1171573
1171918
1172272
1172615
1172953
1173302
1173698
1174057
1174435
1174818
1175184
1175549
1175921
1176296
1176666
1177029
1177355
1177719
1178047
1178382
1178724
1179087
1179455
1179839
1180233
1180605
1180965
1181334
1181701
1182062
1182422
1182779
1183143
1183511
1183876
1184239
1184610
1184988
1185354
1185742
1186104
1186468
1186839
1187208
1187585
1187983
1188388
1188785
1189158
1189508
1189885
1190248
1190609
1190969
1191335
1191709
1192071
1192439
1192812
1193178
1193542
1193893
1194242
1194603
1194969
1195321
1195684
1196044
1196406
1196767
1197113
1197461
1197814
1198167
1198516
1198859
1199209
1199566
1199929
1200284
1200633
1200988
1201342
1201723
1202069
1202412
1202762
1203112
1203456
1203793
1204134
1204478
1204795
1205145
1205490
1205840
1206203
1206577
1206945
1207301
1207666
1208027
1208385
1208734
1209078
1209428
1209778
1210131
1210476
1210824
1211189
1211553
1211917
1212270
1212625
1212987
1213346
1213724
1214064
1214412
1214761
1215106
1215454
1215771
1216132
1216510
1216877
1217231
1217592
1217961
1218330
1218684
1219037
1219396
1219751
1220103
1220450
1220811
1221174
1221570
1221924
1222278
1222632
1222988
1223657
1224007
1224364
1224754
1225106
1225458
1225815
1226173
1226525
1226879
1227234
1227557
1227908
1228253
1228628
1228982
1229337
1229662
1230010
1230362
1230753
1231106
1231457
1231805
1232151
1232498
1232847
1233197
1233552
1233913
1234275
1234629
1234984
1235340
1235693
1236045
1236383
1236730
1237071
1237418
1237731
1238075
1238426
1238823
1239191
1239519
1239876
1240237
1240597
1240952
1241297
1241645
1241991
1242337
1242677
1243019
1243371
1243725
1244074
1244423
1244770
1245122
1245468
1245813
1246150
1246489
1246831
1247170
1247540
1247875
1248226
1248552
1248903
1249256
1249619
1249981
1250336
1250713
1251055
1251403
1251755
1252102
1252446
1252797
1253157
1253520
1253884
1254234
1254592
1254948
1255302
1255645
1255991
1256339
1256691
1257040
1257384
1257732
1258086
1258435
1258783
1259126
1259478
1259792
1260139
1260484
1260830
1261177
1261546
1261883
1262224
1262607
1263586
1264010
1264295
1264649
1264991
1265338
1265687
1266029
1266366
1266729
1267067
1267404
1267749
1268087
1268434
1268785
1269138
1269488
1269838
1270189
1270539
1270881
1271219
1271561
1271905
1272252
1272595
1272949
1273307
1273663
1274009
1274361
1274719
1275066
1275414
1275729
1276084
1276447
1276811
1277167
1277519
1277878
1278238
1278599
1278957
1279321
1279686
1280051
1280410
1280786
1281132
1281492
1281863
1282256
1282661
1283069
1283481
1283889
1284278
1284650
1285017
1285384
1285746
1286101
1286457
1286815
1287185
1287563
1287936
1288303
1288671
1289045
1289415
1289784
1290145
1290829
1291188
1291569
1291917
1292275
1292634
1292993
1293349
1293711
1294069
1294440
1294799
1295153
1295836
1296190
1296538
1296886
1297240
1297595
1297947
1298294
1298651
1299018
1299378
1299725
1300072
1300419
1300768
1301120
1301467
1301819
1302184
1302563
1302939
1303304
1303713
1304084
1304449
1304803
1305159
1305815
1306166
1306552
1306907
1307272
1307663
1308058
1308439
1308773
1309143
1309536
1309894
1310247
1310566
1310917
1311265
1311640
1311986
1312341
1312699
1313057
1313420
1313750
1314112
1314475
1314825
1315169
1315517
1315858
1316199
1316533
1316875
1317231
1317609
1317986
1318363
1318785
1319167
1319502
1319870
1320233
1320591
1320941
1321286
1321632
1321983
1322334
1322683
1323031
1323396
1323811
1324192
1324562
1324927
1325295
1325660
1326020
1326367
1326722
1327076
1327433
1327790
1328151
1328520
1328898
1329273
1329640
1330007
1330373
1330708
1331065
1331419
1331779
1332147
1332511
1332862
1333213
1333567
1333918
1334271
1334617
1334975
1335351
1335779
1336168
1336545
1336921
1337295
1337658
1338018
1338369
1338732
1339102
1339471
1339839
1340207
1340587
1340976
1341362
1341737
1342106
1342483
1342821
1343189
1343582
1343944
1344311
1344674
1345033
1345390
1345755
1346125
1346491
1346854
1347209
1347534
1347894
1348252
1348637
1348993
1349359
1349730
1350105
1350472
1350837
1351207
1351571
1351928
1352286
1352604
1352964
1353327
1353726
1354093
1354458
1354838
1355225
1355602
1355981
1356357
1356729
1357102
1357467
1357830
1358192
1358518
1358877
1359226
1359584
1359949
1360318
1360713
1361080
1361456
1361841
1362550
1362921
1363286
1363656
1364013
1364378
1364789
1365167
1365550
1365918
1366305
1366652
1367020
1367381
1367746
1368121
1368484
1368515
1368872
1369223
1369585
1369953
1370324
1370691
1371057
1371434
1371818
1372198
1372560
1372929
1373291
1373617
1373973
1374325
1374745
1375032
1375379
1375734
1376092
1376451
1376806
1377154
1377513
1377870
1378232
1378585
1378935
1379296
1379654
1380012
1380359
1380743
1381104
1381467
1381832
1382193
1382528
1382900
1383274
1383639
1383998
1384361
1384725
1385087
1385444
1385812
1386188
1386607
1386973
1387351
1388273
1388764
1390046
1390517
1390885
1391468
1391661
1391944
1392241
1392516
1393033
1393312
1393668
1394552
1395070
1395368
1396462
1396508
1396831
1397164
1397789
1398171
1398432
1398615
1399525
1399902
1400491
1400883
1401200
1401787
1402117
1402458
1403575
1403925
1404258
1404671
1404986
1405317
1405684
1406059
1406433
1406893
1407231
1407617
1407980
1408232
1408496
1408863
1409239
1409613
1409985
1410474
