140
1047
3038
3484
3948
4512
4814
5151
5411
5802
6231
6598
6992
7684
8057
8417
8686
8945
9250
9838
10363
10705
11127
11484
11650
12075
12739
13050
13355
13738
14050
14374
14678
15061
15342
15771
16072
16485
16876
17276
17602
17897
18171
18453
18864
19244
19716
20108
20529
21031
21523
22092
22628
22907
23296
23729
24055
24421
24940
25386
25798
26385
26825
27253
27592
28015
28368
28689
29148
29740
30062
30493
30608
30876
31236
31497
31542
31941
32799
33232
33665
34134
34441
34754
35105
35408
35789
36133
36816
37123
37417
37720
38000
38306
38629
38957
39332
39625
39908
40304
40517
40818
41120
41381
41794
42053
42352
42620
42878
43161
43810
44106
44407
44699
44986
45395
45713
46015
46386
46685
47026
47323
47710
48141
48513
48908
49518
49839
50138
50419
50719
51057
51341
51620
51941
52237
52522
53006
53441
53947
54468
54906
55430
55926
56393
56689
57107
57516
57845
58184
58625
59060
59452
59822
60089
60455
60774
61263
61655
62125
62775
63141
63500
63893
64399
64739
65073
65413
65725
65984
66277
66924
67297
67634
68103
68424
68843
69184
69626
69996
70300
70712
71013
71447
71875
72195
72680
72984
73286
73731
74051
74391
74586
74979
75244
75608
75860
76182
76441
76769
77070
77481
77743
78063
78476
78726
78993
79573
79895
80177
80491
80824
81332
81809
82140
82505
82805
83056
83381
83815
84097
84540
84986
85654
85916
86233
86545
86993
87310
87679
88300
88836
89267
89899
90162
90506
90904
91166
91429
91962
92537
92965
93415
93850
94313
94663
94980
95432
95542
95825
96127
96429
96727
97158
97759
98093
98736
99038
99417
99685
99983
100286
100910
101363
101688
102081
102383
102718
103019
103469
103912
104380
104917
105406
105908
106519
106802
107066
107317
107621
108133
108546
109030
109575
110088
110759
111100
111584
111943
112281
112606
112892
113331
113625
114006
114420
114794
115151
115508
115955
116379
116801
117201
117526
118008
118451
118760
119093
120725
121035
121465
121730
122004
122466
122781
123052
123365
123630
123911
124379
124737
125290
125773
126731
127045
127313
127728
128160
128646
128951
129297
129847
130227
130587
131077
131420
131595
131954
132293
132616
132881
133162
133567
133917
134309
134633
134937
135238
135492
135892
136306
136698
137144
137531
137893
138200
138524
138783
139106
139387
139688
140065
140385
140764
141211
141583
142039
142664
142967
143227
143490
143883
144151
144411
144769
145042
145371
145544
145849
146166
146419
146872
147405
147908
148394
148850
150669
151552
151875
152196
152657
152933
153297
153673
154107
154359
154643
154973
155224
155547
155860
156244
156790
157390
157839
158311
158782
159178
159743
160237
160778
161261
161956
162613
162927
163223
163497
164009
164372
164809
165352
165877
166303
167373
167971
168774
169225
169491
169612
170047
170406
170923
171354
171918
172347
172686
172978
173411
173708
174004
174303
174588
174926
175255
175575
175925
176290
176657
177033
177409
177760
178107
178481
178884
179297
179715
180125
180507
180894
181290
181743
182129
182844
183251
183667
184063
184452
184841
185253
185668
186095
186491
186537
186933
187345
187731
188154
188548
188965
189404
189841
190273
190682
191095
191527
191973
192404
192809
193231
193685
194134
194567
194970
195397
195831
196270
196754
197167
197583
198010
198430
198847
199557
199952
200360
200764
201161
201624
202043
202463
202864
203274
203690
204097
204494
204853
205256
205653
206061
206467
206511
206903
207294
207687
208089
208488
208904
209315
209680
210090
210493
210893
211307
211716
212132
212565
212988
213408
213826
214232
214703
215132
215552
215949
216372
216743
217143
217559
217979
218385
218797
219219
219627
220037
220459
220882
221296
221726
222147
222551
222970
223384
223779
224171
224621
225022
225418
225795
226194
226558
226974
227374
227788
228199
228608
228999
229399
229805
230208
230597
230996
231408
231827
232227
232673
233090
233869
234269
234686
235113
235522
235944
236375
236804
237218
237642
238065
238490
238899
239331
239758
240183
240597
241020
241444
241867
242274
242677
243087
243493
243893
244294
244757
245183
245546
245950
246366
246773
247168
247622
248034
248442
248798
249214
249630
250036
250429
250835
251242
251636
252021
252418
252823
253231
253670
254087
254879
255281
255686
256093
256494
256883
257290
257708
258121
258566
258987
259401
259804
260196
260601
261005
261407
261796
262196
262600
263011
263410
263758
264165
264569
264962
265343
265779
266172
266513
266893
267286
267674
268052
268436
268824
269220
269603
269997
270388
270818
271196
271583
271969
272347
272673
273062
273446
273826
274208
274592
274975
275781
276161
276553
276929
277298
277678
278068
278434
278772
279093
279418
279753
280110
280486
280834
281196
281608
281987
282363
282701
283070
283459
283501
283888
284279
284664
285061
285455
285838
286538
286922
287302
287673
288046
288432
288816
289211
289586
289957
290349
290744
291139
291527
291896
292271
292706
293106
293835
294217
294668
295087
295852
296261
296709
297114
297507
297899
298318
298749
299165
299574
299981
300391
300749
301152
301556
301972
302387
302780
303165
303567
303965
304367
304811
305225
305611
306038
306449
306863
307281
307741
308144
308891
309288
309731
310115
310504
310904
311308
311701
312093
312877
313291
313692
314094
314491
314531
314925
315309
315695
316095
316496
316848
317237
317681
318079
318471
318855
319255
319644
320039
320741
321135
321526
321920
322304
322739
323135
323868
324243
324629
325014
325405
325794
326177
326571
326968
327364
327748
328127
328561
328950
329330
329709
330101
330497
330850
331227
331647
332036
332428
332831
333220
333557
333958
334357
334760
335150
335529
335922
336311
336703
337084
337469
337864
338257
338639
339018
339412
339804
340199
340627
341004
341402
341798
342193
342528
342915
343303
343728
344104
344489
344870
345252
345629
346022
346415
346801
347191
347595
348000
348410
348751
349139
349563
349946
350325
350705
351106
351523
351931
352328
352736
353139
353862
354258
354664
355064
355448
355841
356249
356653
357049
357451
357866
358275
358678
359081
359484
359528
359926
360309
360688
361082
361484
361843
362228
362669
363073
363469
363813
364197
364592
364989
365388
365827
366230
366595
366995
367383
367785
368182
368624
369012
369418
369787
370198
370640
371043
371444
371838
372225
372578
372973
373377
373814
374211
374569
374973
375368
375778
376181
376570
376951
377340
377720
378103
378482
378525
378925
379324
379682
380072
380462
380859
381248
381678
382053
382444
382784
383169
383549
383939
384328
384712
385092
385476
385872
386263
386668
387081
387490
387532
387928
388324
388707
389107
389904
390323
390724
391132
391582
391981
392369
392728
393126
393536
393938
394359
394812
395212
395613
396014
396414
396809
397218
397597
398007
398411
398826
399234
399683
400076
400490
400873
401289
401697
402112
402556
402955
403353
403761
404167
404525
404922
405333
405741
406144
406597
407008
407419
407820
408223
408626
409030
409422
409824
410227
410579
410975
411374
411769
412157
412547
412947
413349
413786
414176
414516
414884
415235
415613
415946
416285
416602
416977
417373
417765
418168
418573
418983
419373
419767
420164
420558
420949
421329
421725
422142
422575
422997
423427
423891
424301
424679
425085
425495
425540
425941
426353
426727
427126
427522
427933
428342
428778
429166
429564
429976
430376
430768
431166
431536
431945
432353
432767
433178
433608
434010
434410
434810
435212
435617
436037
436458
436821
437221
437628
438037
438424
438814
439206
439594
439971
440342
440734
441133
441540
441945
442359
442805
443208
443553
443935
444325
444752
445132
445512
445910
446308
446644
447037
447439
447842
448236
448635
449042
449443
449835
450243
450648
451055
451450
451861
452258
452688
453077
453480
453881
454275
454677
455085
455473
455856
456252
456599
456984
457374
457775
458173
458562
458963
459366
459815
460209
460607
461004
461394
461776
462172
462566
462959
463345
463715
464126
464533
464925
465324
465721
466119
466544
466928
467324
467691
468103
468557
468992
469426
469852
470254
470616
471034
471459
471871
472263
472660
473069
473486
473887
474275
474640
475027
475416
475829
476250
476670
477071
477485
477527
477936
478338
478739
479150
479566
479967
480397
480771
481271
483696
484066
484367
484675
485054
485473
485998
486943
487565
487852
488363
488652
489327
489685
489989
490440
490860
491507
492316
492785
493300
493544
493807
494116
494431
494899
495223
495476
495783
496047
496401
496824
497199
498073
498606
499256
499682
500007
500374
500693
501239
501787
502706
503182
503499
503655
504103
504443
504772
505209
505710
506094
506463
506939
507292
507646
508508
508913
509241
509575
509850
510176
510621
511060
511490
511917
512316
512681
513045
513428
513835
514348
514682
515111
515534
515919
516288
516664
517056
517462
517863
518248
518749
519173
519600
520031
520452
520830
521218
521592
521977
522385
522803
523209
523601
524015
524434
524866
525303
525751
526196
526619
527020
527425
527848
528274
528687
529114
529555
529983
530403
530835
531279
531690
532088
532505
532929
533331
533745
534186
534616
535039
535468
535892
536289
536693
537105
537512
537921
538341
538787
539200
539519
539893
540285
540703
541202
541569
542002
542452
542879
543211
543692
544226
544602
545007
545421
545829
546218
546625
547035
547457
547866
548589
549000
549496
549803
550187
550653
551067
551458
551834
552230
552632
553018
553415
553824
554233
554610
555002
555401
555813
556237
556642
557033
557449
557892
558326
558738
559130
559458
559931
560351
560837
561331
562520
563259
563629
563995
564400
564843
565289
565707
566118
566529
566965
567399
567801
568186
568600
569027
569430
569836
570266
570740
571143
571553
571980
572383
572778
573187
573618
574025
574425
574782
575199
575599
575993
576407
576874
577279
577690
578112
578866
579271
579676
580066
580462
580874
581300
581707
582105
582532
582960
583378
583780
584196
584620
585038
585440
585907
586329
586711
587129
587520
587931
588343
588807
589204
589554
589975
590413
590829
591245
591658
592071
592465
592873
593287
593701
594094
594506
594916
595335
595738
596156
596612
597037
597434
597782
598196
598614
599021
599425
599842
600271
600678
601085
601553
601975
602379
602738
603157
603578
603988
604399
604814
605236
605636
606041
606459
606879
607290
607738
608156
608538
608988
609439
609862
610266
610672
611087
611514
611926
612331
612745
613163
613567
613986
614396
614855
615251
615661
616074
616468
616809
617206
617593
617969
618357
618755
619146
619578
619975
620382
620769
621153
621503
621904
622296
622677
623078
623473
623850
624237
624630
625027
625411
625808
626212
626610
626994
627396
627810
628224
628618
629024
629440
629849
630240
630693
631106
631528
631925
632325
632734
633153
633555
633954
634357
634765
635161
635901
636304
636696
637092
637502
637916
638314
638716
639121
639533
639937
640358
640782
641193
641638
642045
642457
642828
643226
643646
644074
644513
644945
645346
645727
646120
646562
646976
647373
647765
648186
648619
649044
649449
649813
650224
650677
651063
651469
651834
652257
652662
653060
653478
653901
654301
654710
655135
655597
656005
656431
656816
657220
657630
658042
658447
658893
659303
659719
660119
660531
660947
661348
661750
662161
662563
662956
663362
663730
664135
664527
664935
665344
665794
666193
666614
667026
667429
667815
668211
668573
668977
669370
669846
670273
670634
671040
671462
671875
672281
672751
673182
673596
673964
674349
674703
675062
675819
676120
676507
676976
677690
678110
678555
678955
679367
679759
680158
680567
680968
681356
681763
682165
682511
682921
683332
683736
684130
684535
684952
685357
685770
686186
686599
687002
687414
687866
688260
688667
689082
689483
689872
690276
690643
691044
691443
691853
692266
692667
693081
693490
693539
693936
694348
694767
695161
695519
695921
696318
696702
697096
697498
697902
698297
698760
699184
699584
699981
700381
700777
701157
701548
701952
702358
702708
703124
703558
703972
704378
704787
705213
705669
706057
706462
706887
707305
707660
708088
708517
708920
709330
709738
710139
710534
710940
711352
711749
712151
712602
713024
713432
713830
714227
714638
715026
715406
715751
716148
716559
716961
717347
717743
718141
718537
718920
719315
719723
720122
720566
720975
721389
721798
722181
722528
722927
723322
723703
724101
724506
724906
725292
725698
726099
726492
726539
726920
727318
727669
728053
728441
728837
729246
729635
730035
730431
730877
731275
731685
732118
732505
732912
733331
733744
734165
734628
735038
735457
735887
736298
736634
737021
737414
737834
738250
738704
739117
739554
739971
740367
740780
741193
741540
741919
742310
742772
743210
743583
743985
744409
744894
745321
745726
746139
746570
747009
747414
747758
748158
748606
749006
749391
749801
750215
750590
750995
751394
751844
752257
752658
753041
753433
753846
754248
754576
754971
755369
755803
756184
756576
756968
757359
757735
758122
758514
758900
759631
760032
760427
760805
761197
761588
761964
762350
762795
763197
763587
763997
764410
764807
765187
765538
765925
766304
766738
767132
767884
768278
768687
769097
769905
770314
770728
771124
771518
771910
772307
772739
773116
773883
774285
774726
775143
775556
775949
776341
776686
777089
777482
777530
777914
778315
778731
779131
779905
780298
780752
781156
781500
781899
782306
782707
783103
783507
783916
784314
786015
786410
787014
787537
788018
788451
788881
789149
789601
789869
790319
790623
791383
792040
792801
793831
794297
794680
794986
795329
795597
796025
796436
796702
796977
797248
797842
798377
798810
799610
800005
800420
800805
801159
801500
801875
802279
802697
803131
803611
803997
804509
805015
805461
805528
806084
806490
806893
807276
807699
808142
808595
809043
809476
809885
810268
810687
811124
811655
812117
812512
812967
813408
813825
814251
814673
815099
815522
815927
816327
816754
817195
817702
818116
818501
818903
819320
819683
820105
820581
821033
821493
821927
822364
822834
823290
823649
824088
824532
824977
825431
825876
826331
826843
827297
827747
828515
828945
829396
829828
830255
830704
831143
831549
831977
832411
832947
833404
833827
834278
834742
835205
835589
836058
836577
837009
837793
838231
838692
839147
839644
840047
840476
840850
841300
841732
842146
842569
842990
843404
843798
844212
844623
845036
845432
845852
846283
846701
847098
847569
847989
848391
848725
849130
849535
849932
850329
850745
851151
851556
851949
852354
852765
853164
853551
853953
854357
854763
855149
855610
856001
856399
856784
857189
857546
857973
858370
858796
859229
859643
860050
860472
860895
861309
861715
862128
862611
863015
863420
863831
864254
864596
864997
865411
865815
866238
866697
867114
867523
867918
868317
868720
869136
869868
870274
870680
871082
871488
871908
872322
872733
873114
873581
873985
874382
874728
875140
875571
875994
876391
876866
877284
877643
878050
878471
878892
879310
879710
880120
880531
880945
881345
881753
882166
882570
882981
883394
883809
884213
884607
885009
885422
885831
886232
886652
887078
887486
887885
888305
888721
889139
889538
889933
890346
890829
891247
891607
892046
892487
892902
893315
893771
894187
894583
894989
895399
895810
896208
896569
896985
897394
897773
898163
898559
898966
899360
899763
900175
900642
901034
901433
901838
902254
902590
902977
903393
903858
904269
904666
905064
905477
905894
906304
906640
907053
907457
907866
908262
908650
909046
909441
909840
910599
910977
911365
911822
912223
912556
912961
913375
913799
914211
914607
915006
915412
915822
916206
916598
916988
917392
917845
918233
918636
919040
919453
919788
920202
920613
921024
921422
921827
922235
922703
923101
923478
923875
924271
924623
925028
925423
925906
926329
926763
927172
927584
927992
928405
928751
929138
929527
929934
930349
930774
931174
931573
931986
932398
932803
933186
933580
933982
934386
934793
935187
935658
936067
936484
936825
937223
937644
938066
938501
938914
939295
939691
940089
940556
940967
941356
941703
942122
942607
943024
943412
943819
944227
944581
944984
945374
945837
946247
946626
946980
947325
947682
948041
948440
948851
949266
949617
950007
950411
950864
951271
951602
952005
952403
952809
953220
953611
954003
954406
954815
955236
955699
956091
956510
956918
957323
957648
958055
958465
958523
958936
959337
959669
960087
960501
960923
961331
961734
962142
962550
962959
963367
963790
964210
964616
965034
965460
965519
965925
966337
966755
967154
967504
967906
968308
968714
969134
969611
970015
970425
970841
971247
971648
972068
972877
973290
973706
974118
974532
974918
975313
975787
976219
976579
977010
977449
977506
977928
978354
978787
979208
979624
980047
980474
980818
981229
981634
982035
982434
982916
983331
983674
984074
984478
984888
985299
985776
986188
986543
986973
987407
987900
988334
988763
989171
989509
989917
990323
990731
991142
991541
991928
992315
992704
993106
993570
993960
994359
994759
995170
995510
995891
996288
996685
997085
997473
997529
997905
998294
998709
999121
999507
999899
1000312
1000674
1001081
1001479
1001886
1002299
1002705
1003096
1003562
1003966
1004365
1004695
1005073
1005476
1005875
1006283
1006678
1007090
1007505
1007920
1008326
1008717
1009110
1009497
1009889
1010279
1010716
1011123
1011871
1012259
1012647
1013038
1013441
1013836
1014225
1014626
1015026
1015422
1015806
1016205
1016601
1016998
1017383
1017847
1018249
1018602
1019000
1019390
1019782
1020174
1020612
1020990
1021383
1021795
1022198
1022539
1022939
1023345
1023772
1024197
1024658
1025052
1025452
1025863
1026266
1026665
1027076
1027501
1027913
1028322
1028682
1029101
1029506
1029890
1030286
1030680
1031090
1031567
1031976
1032402
1032794
1033247
1033759
1034210
1034565
1034969
1035382
1035804
1036235
1036651
1037067
1037489
1037549
1037988
1038427
1038777
1039155
1039540
1039927
1040337
1040762
1041185
1041610
1042039
1042471
1042529
1042946
1043342
1043752
1044163
1044514
1044916
1045305
1045718
1046126
1046528
1046915
1047314
1047771
1048166
1048550
1048950
1049361
1049787
1050218
1050658
1051069
1051453
1051851
1052255
1052672
1053083
1053486
1053900
1054321
1054675
1055078
1055490
1055896
1056309
1056713
1057100
1057495
1057895
1058306
1058697
1059093
1059494
1059914
1060319
1060768
1061165
1061519
1061926
1062321
1062727
1063135
1063530
1063922
1064323
1064738
1065147
1065537
1065938
1066336
1066732
1067123
1067518
1067923
1068329
1068729
1069128
1069534
1069933
1070325
1070783
1071180
1071568
1071951
1072338
1072732
1073110
1073496
1073886
1074282
1074613
1075023
1075431
1075846
1076242
1076648
1077056
1077456
1077513
1077913
1078324
1078737
1079131
1079535
1079945
1080358
1080753
1081150
1081544
1081940
1082342
1082727
1083138
1083896
1084293
1084697
1085105
1085508
1085901
1086305
1086767
1087163
1089645
1089925
1090293
1090970
1091393
1091989
1092644
1093657
1093963
1094367
1094625
1094934
1095484
1095844
1096265
1096529
1096934
1097274
1097728
1098309
1098789
1099282
1099703
1100105
1101568
1101872
1102595
1102927
1103227
1103580
1104205
1104623
1104998
1105495
1105887
1106171
1106427
1106543
1106817
1107127
1107391
1107528
1107995
1108542
1109127
1109911
1110508
1110826
1111141
1111452
1111809
1112126
1112498
1112857
1113242
1113626
1114027
1114437
1114826
1115216
1115648
1116085
1116501
1116910
1117341
1117771
1118190
1118586
1118998
1119373
1119734
1120079
1120409
1120760
1121117
1121502
1121908
1122337
1122759
1123148
1123547
1123958
1124364
1124767
1125161
1125614
1126031
1126816
1127236
1127648
1128063
1128467
1128873
1129304
1129739
1130172
1130575
1130980
1131391
1131802
1132212
1132612
1133060
1133503
1133923
1134330
1134760
1135185
1135608
1136017
1136431
1136840
1137249
1137653
1138068
1138484
1138521
1138934
1139712
1140133
1140538
1140941
1141363
1141771
1142169
1142562
1142970
1143378
1143776
1144174
1144622
1145032
1145432
1145779
1146178
1146566
1146953
1147353
1147771
1148201
1148670
1149099
1149847
1150251
1150659
1151070
1151492
1151896
1152286
1152693
1153110
1153536
1153968
1154391
1154843
1155251
1155592
1155961
1156339
1156735
1157155
1157568
1157966
1158403
1158840
1159277
1159682
1160079
1160488
1160899
1161310
1161711
1162100
1162499
1162902
1163313
1163713
1164113
1164560
1164962
1165356
1165704
1166103
1166498
1166900
1167288
1167692
1168098
1168507
1168891
1169282
1169679
1170079
1170468
1170866
1171263
1171670
1172056
1172442
1172843
1173237
1173612
1173983
1174366
1174748
1175143
1175523
1175908
1176293
1176680
1177054
1177433
1177816
1178201
1178582
1178980
1179377
1179762
1180155
1180581
1180973
1181355
1181744
1182135
1182865
1183253
1183644
1184035
1184438
1184838
1185220
1185616
1186018
1186423
1186809
1187220
1187627
1188024
1188424
1188832
1189233
1189621
1190011
1190403
1190799
1191185
1191588
1191991
1192378
1192764
1193168
1193580
1193968
1194357
1194762
1195162
1195551
1195955
1196362
1196758
1197153
1197597
1198005
1198774
1199187
1199590
1199992
1200402
1200820
1201223
1201629
1202051
1202463
1202866
1203274
1203685
1204082
1204497
1204912
1205321
1205733
1206144
1206543
1206943
1207347
1207747
1208137
1208581
1208983
1209739
1210145
1210545
1210942
1211344
1211745
1212135
1212532
1212940
1213336
1213724
1214125
1214534
1214931
1215326
1215727
1216134
1216528
1216924
1217329
1217722
1218110
1218543
1218940
1219345
1219699
1220093
1220494
1220887
1221269
1221661
1222053
1222439
1222832
1223235
1223637
1224023
1224421
1224855
1225246
1225600
1226104
1226527
1226957
1227334
1227640
1227899
1228228
1228490
1228530
1228885
1229256
1229651
1230061
1230467
1230863
1231276
1231722
1232126
1232517
1232917
1233323
1233684
1234088
1234497
1234912
1235312
1235706
1236111
1236509
1236897
1237289
1237692
1238093
1238488
1238877
1239286
1239678
1240065
1240453
1240845
1241234
1241613
1242003
1242398
1242793
1243184
1243569
1243973
1244377
1244767
1245160
1245569
1245977
1246378
1246761
1247159
1247551
1247942
1248323
1248612
1248868
1249128
1249415
1249754
1250096
1250450
1250814
1251208
1251607
1251998
1252374
1252764
1253146
1253528
1253903
1254289
1254720
1255112
1255845
1256242
1256640
1257037
1257424
1257812
1258203
1258608
1259022
1259435
1259865
1260600
1260919
1261346
1261698
1262031
1262369
1262718
1263096
1264155
1264615
1265157
1265542
1266025
1266418
1266819
1267484
1267716
1267969
1268396
1268715
1269069
1269412
1269785
1270179
1270619
1271130
1271613
1271902
1272212
1272574
1272992
1273337
1273662
1273955
1274247
1274760
1275113
1275839
1276229
1276625
1277003
1277373
1277748
1278135
1278537
1278925
1279323
1279735
1280146
1280588
1280979
1281479
1281925
1282394
1282902
1283411
1283975
1284587
1284918
1285192
1285590
1285963
1286374
1286786
1287189
1287576
1287945
1288337
1288723
1289113
1289492
1289881
1290287
1290690
1291087
1291476
1291520
1291927
1292330
1292730
1293112
1293504
1293889
1294275
1294626
1295003
1295374
1295750
1296082
1296423
1296774
1297138
1297497
1297542
1297925
1298312
1298663
1299035
1299426
1299817
1300198
1300610
1300980
1301367
1301750
1302139
1302521
1302900
1303292
1303686
1304079
1304474
1304811
1305199
1305594
1305992
1306389
1306772
1307179
1307629
1308045
1308459
1308838
1309253
1309703
1310122
1310546
1310960
1311364
1311716
1312127
1312550
1312981
1313419
1313857
1314293
1314734
1315173
1315635
1316032
1316753
1317041
1317305
1317597
1317853
1318196
1318584
1318872
1319232
1319658
1320047
1320452
1320860
1321250
1321638
1322018
1322400
1322787
1323165
1323522
1323907
1324289
1324673
1325065
1325450
1325834
1326230
1326624
1327017
1327393
1327733
1328106
1328387
1328638
1328907
1329237
1329573
1329911
1330249
1330573
1330943
1331327
1331708
1332081
1332466
1332851
1333236
1333668
1334053
1334435
1334777
1335166
1335562
1335957
1336376
1336794
1337209
1337614
1338020
1338419
1338847
1339236
1339581
1339979
1340374
1340761
1341163
1341601
1341997
1342384
1342744
1343155
1343566
1343956
1344345
1344737
1345136
1345560
1345945
1346332
1346727
1347116
1347500
1347889
1348286
1348689
1349075
1349470
1349873
1350275
1350663
1351052
1351447
1351850
1352257
1352653
1353050
1353443
1353844
1354247
1354636
1355028
1355407
1355773
1356124
1356468
1356786
1357147
1357523
1357918
1358332
1358747
1359143
1359548
1359949
1360351
1360777
1361166
1361559
1361969
1362391
1362821
1363232
1363591
1363995
1364404
1364821
1365230
1365623
1366017
1366419
1366872
1367284
1367639
1368055
1368473
1368910
1369342
1369742
1370125
1370519
1370907
1371303
1371694
1372092
1372499
1372536
1372956
1373375
1373775
1374168
1374527
1374936
1375325
1375717
1376108
1376502
1376881
1377275
1377711
1378110
1378849
1379234
1379624
1380005
1380407
1380810
1381226
1381628
1382030
1382431
1382829
1383216
1383660
1384062
1384462
1384862
1385268
1385670
1386077
1386490
1386903
1387301
1387704
1388099
1388512
1388920
1389329
1389749
1390180
1390552
1390962
1391385
1391807
1392232
1392637
1393033
1393441
1393851
1394273
1394718
1395046
1395460
1395828
1396156
1396543
1396874
1397575
1398185
1398653
1399539
1399885
1400318
1400732
1401094
1401427
1401833
1402233
1402629
1402994
1403258
1403545
1403970
1404293
1404614
1404935
1405259
1405623
1406044
1406409
1406767
1407263
1407609
1407973
1408389
1408733
1409059
1409740
1410390
1410856
1411290
1411858
1412351
1412719
1413012
1413435
1413578
1413831
1414089
1414591
1414927
1415276
1415613
1416966
1417323
1417604
1417888
1418246
1418544
1419051
1419610
1420068
1420435
1420770
1421188
1421469
1421554
1421930
1422258
1422759
1423169
1423646
1423913
1424306
1425589
1426004
1426451
1426736
1427041
1427340
1427674
1427978
1428533
1428869
1429274
1429576
1429908
1430182
1430447
1430702
1430957
1431345
1432514
1433790
1434343
1434662
1434966
1435352
1435656
1435957
1436719
1437028
1437373
1437816
1438220
1438699
1439150
1440078
1440655
1441295
1441772
1442244
1442656
1443099
1443829
1444403
1444723
1445029
1445280
1445580
1446000
1446279
1446576
1447082
1447518
1447800
1448067
1448318
1448745
1449023
