907
907
446
446
910
320
302
337
260
382
429
376
394
347
373
360
269
259
305
579
525
351
422
357
523
425
370
311
305
383
312
324
304
383
281
334
301
413
391
400
335
295
274
282
424
380
472
392
411
502
492
569
279
279
389
433
326
366
449
446
412
587
449
428
385
423
353
466
459
369
322
431
307
268
360
261
293
399
301
433
433
469
307
313
351
303
381
344
328
307
294
303
280
306
302
328
375
261
283
396
301
301
302
261
413
259
299
268
258
283
321
296
301
304
287
409
318
302
371
299
341
297
434
431
372
395
297
321
299
281
300
338
284
279
321
296
471
484
435
506
521
438
524
507
467
307
418
419
329
339
441
435
392
382
267
366
319
489
392
470
417
366
359
393
506
340
334
340
312
259
293
432
373
337
469
321
409
341
321
370
304
412
301
434
428
320
485
304
302
445
320
340
278
393
265
364
252
322
259
318
301
411
354
320
413
260
267
327
322
282
314
636
508
466
331
353
300
251
325
444
282
306
446
265
262
317
416
448
317
509
621
536
431
430
263
334
398
262
263
523
586
428
450
435
463
360
317
452
292
283
302
302
432
431
319
334
334
302
379
268
298
303
432
453
335
393
302
335
301
450
433
468
528
489
502
284
283
264
251
555
512
431
484
474
513
333
341
484
359
338
325
286
439
305
381
414
374
357
357
447
424
408
400
325
482
443
319
333
644
310
430
265
274
462
315
271
313
265
281
468
406
553
483
345
314
268
415
432
285
305
346
394
380
360
490
343
412
359
339
314
265
281
405
350
392
324
304
301
254
410
414
392
446
442
362
307
361
259
323
281
301
377
320
379
447
485
456
274
303
260
263
393
268
260
358
273
329
263
305
317
253
443
533
550
486
456
508
883
323
321
187
276
364
376
434
252
284
330
251
313
313
384
546
600
461
472
471
396
544
494
541
483
695
269
314
296
274
512
363
437
543
525
426
1070
598
407
451
266
435
435
359
517
431
564
429
339
292
433
297
296
299
332
338
329
320
350
365
367
376
376
351
347
374
403
413
418
410
382
387
396
406
386
395
407
416
396
389
389
412
415
427
396
396
396
412
431
423
394
417
439
437
432
409
413
432
446
431
405
422
454
449
433
403
427
434
439
438
413
416
427
420
417
377
395
408
404
397
416
419
420
401
410
416
407
397
404
403
397
408
406
404
392
391
393
402
399
416
411
412
410
403
400
414
409
416
433
423
420
418
406
425
429
420
397
423
414
400
416
420
406
412
422
408
410
422
423
414
430
421
404
419
414
395
392
404
401
396
377
399
407
416
400
414
411
409
391
400
406
403
389
399
412
419
400
397
417
405
400
417
427
409
422
431
429
414
424
423
425
409
432
427
425
414
423
424
423
407
403
410
406
400
401
418
426
408
404
416
407
395
406
412
408
403
416
416
406
393
406
407
394
385
397
405
408
394
417
412
402
405
407
401
389
407
418
413
401
421
414
403
392
405
404
402
389
400
404
411
399
397
407
404
393
381
388
393
384
380
393
388
378
384
388
396
383
394
391
389
378
387
386
378
373
389
384
380
382
384
383
385
380
392
376
369
380
390
366
338
321
325
335
357
376
392
362
362
379
376
377
369
389
386
387
391
385
397
394
383
377
384
380
371
373
386
384
395
375
371
392
395
395
388
369
375
391
400
375
382
408
419
396
409
407
405
393
392
419
431
416
409
407
410
403
403
404
416
415
393
385
402
398
402
399
414
427
427
411
414
418
417
403
405
397
399
384
389
400
404
393
392
415
414
401
402
397
394
394
384
386
400
401
396
389
397
398
392
384
400
389
395
375
394
391
394
384
391
396
381
375
386
385
391
389
383
394
397
396
384
379
389
389
380
379
392
396
394
377
374
389
392
403
389
382
401
399
403
390
379
393
389
392
381
385
395
393
382
379
394
392
395
384
377
398
396
395
379
387
388
383
376
385
381
382
377
393
393
386
390
404
405
410
387
388
382
383
379
380
401
417
408
397
408
403
377
396
406
400
384
393
408
404
396
402
415
409
403
403
403
404
398
383
379
394
402
403
385
396
404
396
389
384
395
397
399
394
403
407
400
388
402
397
399
388
406
411
411
399
403
401
394
387
396
395
404
393
397
401
404
395
410
403
389
381
389
380
383
379
378
400
399
400
390
390
397
389
386
375
391
382
385
380
390
389
384
380
384
396
391
405
413
409
407
396
396
383
400
423
419
401
408
408
399
388
401
398
410
402
421
411
400
401
401
400
395
409
420
410
404
415
408
407
393
414
422
416
408
415
401
399
398
408
406
402
397
411
408
403
406
411
411
401
403
403
404
392
402
403
394
396
399
395
388
390
400
402
395
390
384
368
351
337
333
339
364
375
396
392
403
405
410
390
394
397
394
391
380
396
417
433
422
430
421
410
422
406
410
412
401
412
414
399
396
411
409
396
388
398
412
400
392
398
411
409
408
414
411
389
402
400
400
402
405
420
421
404
400
407
409
387
390
392
388
377
371
392
399
407
405
414
406
403
388
382
390
387
380
380
398
398
379
393
402
403
394
399
407
401
392
408
405
407
395
411
397
390
389
403
401
394
402
408
388
383
396
389
385
390
401
398
389
401
403
407
394
398
397
390
382
396
394
393
386
412
411
407
392
399
397
398
383
384
396
407
412
410
435
434
426
402
405
418
425
412
392
397
409
417
401
388
365
387
389
413
421
420
401
414
414
409
402
401
411
416
401
430
414
500
461
370
301
308
379
419
525
755
359
287
511
800
675
358
304
451
420
647
809
469
515
152
263
309
315
413
324
253
307
264
354
423
375
874
669
650
332
325
367
390
546
548
615
476
317
344
448
340
329
437
501
384
369
476
353
354
439
405
328
334
275
326
445
439
430
427
399
365
364
383
407
513
334
429
423
385
369
376
392
406
401
385
501
424
427
431
421
416
388
374
385
408
418
406
392
414
419
432
437
448
445
423
401
405
423
426
413
427
441
428
420
432
444
411
398
417
424
402
414
441
430
423
429
424
397
404
412
407
409
420
446
413
372
374
392
418
499
408
433
450
427
332
443
534
413
405
414
408
389
407
410
422
409
395
411
496
307
384
408
414
391
376
396
402
386
397
409
409
377
392
399
412
424
405
391
416
443
434
412
392
328
433
420
486
494
487
739
370
366
405
443
446
418
411
411
436
434
402
385
414
427
403
406
430
424
403
410
427
403
395
409
431
407
400
406
417
400
394
414
420
405
411
422
397
405
405
390
396
412
426
407
398
427
428
418
402
416
424
418
402
415
422
430
418
391
411
412
415
397
402
421
438
416
416
413
413
394
408
414
414
393
412
410
419
403
418
414
425
397
397
414
418
407
404
417
429
407
407
420
422
404
411
419
421
410
411
415
422
400
405
418
420
411
399
418
427
450
451
423
404
406
415
427
412
405
414
418
404
419
410
410
396
410
413
394
391
397
387
376
388
398
391
383
397
407
387
384
401
401
392
381
401
395
377
387
393
397
384
397
404
398
384
402
414
414
394
406
416
409
391
405
413
422
397
400
409
419
402
399
403
408
396
403
403
392
396
410
414
398
402
405
412
404
421
424
411
397
407
412
418
398
420
428
439
432
401
381
393
393
414
397
392
421
433
425
405
412
411
405
386
406
411
423
405
398
418
423
400
409
425
418
408
426
430
404
410
412
405
398
410
416
400
412
416
401
402
411
402
393
406
413
405
392
408
409
402
399
421
412
403
386
396
407
404
393
425
427
408
406
422
413
406
422
431
414
368
385
354
359
327
301
529
469
409
420
398
400
412
392
399
409
401
388
407
402
395
410
411
404
394
405
417
405
413
416
413
403
412
408
394
407
415
401
389
404
413
401
399
410
413
401
414
409
412
397
412
419
394
406
402
397
384
394
402
404
395
413
424
400
397
400
396
380
391
404
406
398
416
434
414
406
409
426
405
388
405
425
418
405
428
429
403
410
408
401
395
406
412
397
402
407
422
408
398
397
411
388
380
394
397
411
402
386
396
398
396
383
395
408
399
395
409
414
409
383
395
399
395
381
398
405
400
386
406
401
393
391
381
398
398
384
388
396
409
389
400
396
397
398
410
433
433
407
419
413
421
413
410
419
430
411
384
387
393
420
416
404
413
437
417
396
413
413
398
379
391
412
438
420
402
424
438
427
405
413
431
439
405
392
400
402
400
385
410
414
421
405
399
403
413
401
383
392
413
402
379
395
398
388
381
392
392
391
376
387
392
386
401
401
395
378
392
391
376
386
398
402
390
410
413
397
380
394
387
379
384
394
393
394
409
410
409
409
414
396
394
392
397
385
377
413
402
395
417
413
393
392
390
403
393
393
384
401
416
400
408
393
406
404
389
399
407
401
396
404
409
398
525
395
524
523
481
433
430
268
452
268
450
736
760
657
761
412
466
430
306
343
563
428
411
412
275
271
565
535
494
394
395
415
385
354
341
375
404
418
434
417
386
512
506
446
469
556
406
403
383
423
443
453
448
433
409
383
419
437
464
462
454
455
441
417
426
422
426
423
405
400
427
441
438
414
385
402
417
421
422
421
452
460
434
437
470
456
425
439
444
445
454
445
455
451
454
450
405
430
451
432
427
449
439
406
428
434
474
457
423
451
464
463
444
469
459
432
427
438
461
455
437
403
429
437
450
432
414
423
421
414
394
414
411
413
396
420
431
418
397
412
420
402
395
405
405
397
397
416
406
405
393
405
411
399
387
402
404
406
386
402
391
398
385
405
416
427
397
426
433
414
407
422
423
414
406
413
420
404
405
411
423
402
401
414
404
423
401
417
409
395
399
403
416
391
406
406
402
406
420
414
411
381
406
404
397
405
412
431
423
397
414
418
416
407
421
421
418
400
410
411
414
400
408
413
404
411
413
415
404
394
402
413
409
401
420
426
408
399
420
416
418
399
395
413
424
418
416
439
441
415
413
410
416
396
406
410
411
398
416
416
409
379
390
396
407
394
403
412
410
392
399
405
416
398
387
416
406
411
397
398
413
417
410
393
413
404
409
396
388
396
395
399
370
378
388
400
401
388
405
414
424
412
396
399
406
410
384
392
390
404
394
388
403
404
413
398
414
411
411
398
405
408
407
398
377
397
396
406
405
395
427
423
434
409
412
408
413
408
387
389
407
415
425
400
399
413
412
405
383
394
402
404
407
394
412
409
417
400
398
421
422
435
413
381
396
398
409
411
389
403
419
428
417
388
407
408
415
403
390
406
410
379
354
345
357
359
399
411
415
410
390
404
397
407
393
403
398
406
411
391
392
403
409
421
402
392
419
408
405
384
407
410
412
413
401
392
418
414
422
408
403
408
408
409
408
423
420
406
418
426
424
406
412
418
399
408
402
402
406
420
415
404
410
416
406
401
420
432
413
416
412
414
386
395
413
432
414
431
439
435
422
426
433
421
416
423
427
403
411
405
401
399
419
415
400
400
404
410
411
417
412
410
430
434
436
434
429
408
399
408
406
408
411
399
387
387
389
402
403
390
399
400
411
397
381
397
397
400
388
385
376
389
415
412
386
392
413
420
407
398
407
413
406
391
403
404
399
389
378
403
399
408
395
412
415
415
406
391
393
387
392
390
381
407
398
388
388
391
403
395
389
401
400
396
384
399
396
397
385
405
402
412
398
390
392
392
381
378
393
412
403
399
400
406
427
425
403
394
400
411
403
399
411
425
412
409
419
419
405
384
396
394
410
416
409
426
450
453
454
451
420
404
413
422
431
416
416
422
426
439
439
408
378
385
387
410
425
423
425
429
432
432
417
396
410
411
411
402
389
413
408
402
387
399
394
395
384
400
411
426
431
440
411
384
398
404
417
411
403
414
421
413
403
412
406
413
404
387
395
400
411
391
396
401
420
405
393
397
409
407
395
406
408
395
392
401
415
409
390
401
398
396
391
395
405
406
400
399
406
399
392
401
397
388
383
387
394
378
386
390
396
388
410
408
415
396
406
408
400
398
400
411
413
394
404
410
413
395
397
394
396
402
385
411
403
397
404
408
403
393
404
405
396
471
280
368
677
423
596
655
320
306
404
298
309
550
360
421
264
405
340
454
581
406
493
421
402
497
304
723
332
300
353
625
356
375
497
392
284
256
247
274
310
264
373
467
633
585
784
349
318
315
311
357
317
372
400
385
384
401
410
389
390
432
437
416
409
431
430
419
396
412
375
361
345
330
351
357
385
406
429
422
389
399
411
406
403
394
413
417
396
420
412
415
404
406
431
435
433
403
405
411
411
410
400
448
443
420
407
430
425
423
409
414
409
409
404
415
416
414
413
416
421
405
403
422
408
398
393
408
408
398
398
408
410
400
383
399
388
387
400
418
430
434
429
394
404
408
411
422
404
390
407
417
426
432
423
415
408
379
369
378
396
420
413
398
437
437
437
405
397
409
411
411
401
389
399
403
411
400
400
407
402
394
387
399
395
402
388
404
406
409
384
391
397
400
389
398
397
407
386
386
401
394
375
371
383
382
395
380
385
385
387
374
379
383
385
381
398
397
385
393
386
392
382
389
391
393
388
391
391
403
400
382
396
402
405
386
411
407
397
400
408
401
388
390
392
396
386
403
403
387
386
404
412
388
389
405
400
389
404
407
396
395
404
408
407
413
403
402
410
418
403
406
422
412
403
408
411
397
415
415
409
412
411
399
400
404
400
390
405
402
399
406
400
397
402
401
390
397
408
396
388
401
409
397
395
401
407
394
396
405
393
388
397
397
405
390
394
401
393
382
392
392
386
393
403
402
386
398
392
391
392
504
423
430
377
279
259
329
262
340
355
371
395
410
406
396
413
408
404
391
400
406
399
404
409
415
400
394
405
398
388
392
403
401
395
389
409
392
387
388
392
389
379
390
395
395
391
385
404
404
390
393
409
408
401
383
398
392
391
381
289
256
260
287
339
342
354
364
394
399
391
376
390
382
382
375
386
389
392
393
397
398
397
387
388
391
405
414
413
392
391
319
427
352
333
338
349
378
664
460
542
385
483
393
401
665
232
253
427
359
354
343
373
394
398
511
483
289
310
362
418
345
365
293
292
513
353
373
390
396
378
370
375
387
402
388
398
412
411
403
391
500
475
469
465
509
564
340
331
274
361
373
411
412
403
387
369
392
386
390
379
389
406
403
397
389
392
407
403
400
382
392
385
386
388
377
371
376
332
341
351
364
359
366
383
387
388
372
391
391
381
373
370
387
383
389
382
379
392
394
393
395
376
388
395
398
397
383
407
408
416
414
418
415
412
419
424
414
404
391
411
423
431
438
438
436
441
439
426
397
383
288
264
292
256
343
347
288
360
384
389
405
408
390
388
380
382
387
378
357
385
382
384
392
385
384
396
394
393
376
297
373
281
251
269
330
336
338
338
361
370
384
381
373
385
385
385
392
385
382
386
389
396
395
419
418
415
405
406
399
388
389
392
398
395
387
402
398
396
387
403
411
411
390
389
392
399
387
385
387
395
389
384
389
397
403
386
395
403
402
388
389
395
403
407
396
397
393
401
403
389
392
379
366
351
344
355
361
376
395
414
415
396
405
401
402
387
389
393
410
422
430
411
402
404
409
417
409
393
394
402
416
412
394
416
418
437
432
400
383
394
388
396
391
398
407
405
420
419
400
393
397
409
389
392
391
394
379
394
396
399
395
385
390
381
402
403
416
402
402
401
398
387
397
402
400
400
406
402
407
413
413
398
403
395
413
408
409
420
431
410
410
423
422
425
405
396
408
410
422
410
328
414
368
328
387
331
701
610
468
886
346
433
432
362
333
406
400
396
365
264
313
425
323
321
321
324
364
421
365
358
496
346
364
416
344
326
681
650
451
434
551
493
258
293
423
278
253
258
396
336
349
337
469
357
281
284
358
656
507
286
458
367
335
418
281
366
376
328
501
410
306
267
393
316
415
447
265
305
299
334
304
262
336
405
284
332
274
265
255
255
388
1169
1276
553
301
304
386
292
301
307
309
345
443
404
479
451
670
577
640
477
472
440
443
730
574
320
306
251
300
420
279
489
506
169
282
267
251
427
278
