90
629
1135
2088
2405
3609
4009
4390
4777
5146
5486
5915
6371
7560
7950
8497
8858
9243
9771
10957
11457
12158
12604
13498
14295
14840
15417
15731
16041
16536
17639
18061
18468
18731
19564
19943
20251
20679
20950
21317
22241
22754
23346
23602
23865
24154
25512
25955
26301
26903
28006
29177
29934
30475
30780
31074
32844
33222
33589
34126
34498
34543
34876
35150
35550
36048
36680
36962
37265
37817
38181
38589
38903
39296
39771
40219
40642
40975
41282
41619
41882
42314
42773
43224
43792
44370
44514
44961
46866
47389
47898
48213
48509
49133
49412
49868
50301
50744
51104
51437
51534
51958
52344
53561
54079
54592
55011
55534
56129
56598
57113
57706
58347
58801
59584
60158
60668
60953
61247
61614
61971
62446
63071
64670
64973
65707
66963
67467
67656
68185
68570
68895
69214
70083
71088
71815
72415
72739
73693
74266
75285
75817
76180
76476
76798
77857
78333
79022
79850
80367
81139
81693
82468
82776
83090
85761
86228
86782
87206
89780
90125
90475
90983
91384
91707
92244
93667
94004
94507
95024
96199
96802
97350
97662
98227
99525
100149
101979
102602
103745
104446
104753
105047
105298
105765
106236
106637
107046
107564
107930
108411
108919
109317
109664
110036
110377
110782
111218
111522
111865
112199
113154
114003
114609
115566
115977
116311
116601
116861
117197
117519
117910
118202
118703
119102
119452
119759
120076
120461
120804
121229
121734
122108
122575
123051
123406
123984
124341
124848
125271
125659
126540
126956
127604
128072
128600
129129
129586
130043
130659
131089
131402
131788
132249
132955
133424
134086
134827
135338
135938
136471
137051
137686
138335
138917
139497
140128
140605
141795
142407
142840
143218
143474
143559
143967
144402
144845
145326
145682
146008
146405
146790
147142
147463
147928
148342
148855
149268
149843
150322
150723
151046
151548
151883
152235
152578
152987
153333
153674
153977
154275
155083
155564
155869
156178
156550
157014
157537
157909
158303
159512
160138
160601
160877
161225
163896
164522
165139
165567
165894
166413
167212
167835
168423
168989
169815
170542
171014
171612
171885
172228
172642
173028
173498
173864
174299
174648
175127
175496
175804
176303
176751
177002
178130
178940
179454
179692
180083
180906
181179
181484
181979
182501
182894
183274
183597
183898
184714
184999
185513
186068
186360
186794
187063
187745
188249
188818
189290
189653
189908
190213
191091
191405
191796
192219
192599
193050
193473
194204
195020
195385
195782
196109
196501
197133
197716
198158
198581
199009
199432
199833
200090
200410
200691
200949
201220
201545
202038
202457
202743
203479
203866
204317
204766
205225
205663
206106
206561
207014
207457
207913
208362
208802
209243
209682
210118
210551
211000
211446
211902
212359
212812
213266
213717
214159
214602
215053
215550
216003
216467
216910
217363
218567
219039
219345
219742
220139
220506
221565
221979
222425
222859
223706
224154
224609
225070
225519
225980
226437
226939
227404
227849
228741
229220
229662
229933
230206
230690
231041
231471
231798
232062
232351
232855
233300
233754
234201
234648
235095
235736
236065
236443
236891
237219
237582
237920
238282
238639
239088
239597
240053
240707
241127
241613
242099
242610
242887
243269
243729
244097
244842
245155
245576
246050
246681
246994
247296
247764
248030
248319
248584
248835
249285
249769
250225
251519
251883
252210
252516
252867
253296
253767
254140
254470
254695
255119
255523
255938
256696
256981
257423
257970
258424
258979
259692
260101
260423
260572
260978
261390
261819
262254
262664
263047
263512
264034
264534
264871
265374
265705
266243
266679
267234
267694
268148
268564
269010
269414
269839
270503
270985
271849
272343
272803
273124
273723
274121
274541
275006
275487
276020
276468
276516
277292
277692
278178
278512
278840
279239
279716
280278
280632
281049
281607
282532
282974
283421
283875
284305
284745
285186
285628
286071
286519
286968
287411
287860
288303
288744
289205
289661
290108
290557
291010
291463
291920
292371
292829
293343
293716
294169
294625
295071
295528
295996
296450
296907
297352
297779
298251
298748
299195
299649
300099
300555
301001
301468
301941
302409
302871
303334
303798
304261
304717
305168
305617
306071
306526
307089
307770
308111
308489
308948
309746
310340
310759
311213
311499
311718
312169
312635
313103
313562
314027
314493
314943
315402
315863
316330
316796
317259
317711
318166
318629
319081
319537
320000
320461
320933
321418
321869
322327
322745
323200
323691
324147
324628
325122
325594
326066
326555
327015
327472
327945
328410
328875
329342
329810
330271
330750
331233
332885
333313
333702
334237
334696
335094
335498
335554
335980
336430
336889
337359
337822
338283
338701
339167
339617
340095
340566
341030
341545
342017
342495
342951
343422
343890
344358
344811
345278
345755
346223
346691
347168
347630
348088
348568
349049
349925
350401
350876
351341
351873
352378
352895
353386
353838
354341
354836
355320
355880
356372
356844
357333
357782
358279
358820
359323
359816
360286
360762
361242
361706
362170
362651
363117
363594
364087
364558
365034
365524
366006
366468
366935
367391
367847
368298
368759
369232
369713
370172
370638
371115
371588
372052
372548
373035
373517
374005
374505
374994
375457
375902
376363
376832
377294
377775
378267
378731
379195
379671
380145
380609
381074
381540
382003
382473
382954
383443
383906
384375
384869
385351
385822
386310
386806
387290
387764
388250
388719
389163
389618
390077
390527
390982
391454
391931
392387
392835
393291
393771
394218
394686
395190
395696
396191
396684
397193
397691
398172
398671
399169
399647
400118
400607
401113
401606
402083
402516
403007
403481
403536
404029
404524
405002
405472
405953
406436
406900
407365
407835
408311
408783
409239
409698
410168
410639
411117
411619
412110
412574
413054
413524
413974
414447
414903
415348
415796
416245
416675
417095
417540
418000
418454
418918
419407
419911
420398
420870
421345
421817
422280
422746
423203
423645
424094
424556
425013
425439
425893
426343
426805
427250
427703
428156
428600
429028
429472
429911
430349
430807
431277
431739
432215
432680
433118
433573
434040
434489
434951
435430
435913
436384
436862
437343
437801
438267
438742
439205
439659
440126
440603
441064
441933
442398
442846
443306
443836
444301
444762
445233
445717
446168
446617
447091
447576
448034
448499
448978
449450
449891
450341
450802
451263
451700
452153
452610
453058
453502
453950
454428
454873
455304
455778
456108
456497
456858
457276
457721
458202
458658
459127
459604
460097
460570
461046
461545
462036
462518
462986
463459
463934
464404
464859
465316
465777
466251
466758
467709
468207
468687
469587
470152
470616
471083
471556
472013
472487
472968
473433
473884
474351
474816
475278
475729
476194
476640
477087
477545
478006
478447
478888
479352
479829
480294
480746
481218
481687
482145
482596
483062
483531
483995
484454
484920
485400
485876
486340
486808
487282
487747
488193
488632
489069
489528
489975
490456
490953
491434
491947
492463
492952
493440
493922
494396
494873
495362
495846
496294
496750
497224
497692
498146
498611
499082
499528
499967
500425
500894
501352
501802
502265
502770
503215
503645
504088
504594
505101
505595
506107
506615
507106
507523
508015
508562
509040
509519
510005
510489
510954
511428
511912
512381
512851
513319
513781
514237
514716
515215
515713
516204
516711
517200
517690
518112
518714
519193
519680
520185
520670
521133
521596
522054
522500
522950
523449
523932
524405
524895
525384
525860
526349
526824
527278
527736
528125
528669
529128
529609
530091
530552
531016
531497
531965
532413
532864
533319
533780
534217
534659
535145
535626
536061
536910
537352
537801
538184
538766
539246
539729
540234
540740
541213
541700
542183
542669
543140
543624
544015
544566
545015
545481
545946
546391
546839
547310
547783
548238
548683
549122
549563
549999
550441
550950
551398
551804
552283
552764
553213
553677
554157
554635
555115
555565
556019
556481
556954
557395
557851
558306
558750
559192
559654
560103
560536
560983
561433
561826
562277
562780
563241
563712
564182
564661
565166
565688
566184
566658
567132
567606
568077
568534
569004
569958
570425
570902
571378
571842
572294
572750
573206
573655
574106
574572
575032
575482
575939
576398
576860
577310
577770
578237
578715
579177
579637
580106
580570
581017
581458
581908
582357
582801
583263
583757
584241
584700
585170
585653
586123
586585
587059
587541
588004
588482
588953
589388
589824
590264
590718
591163
591617
592108
592597
593078
593546
594037
594536
595022
595479
595925
596386
596849
597293
597755
598249
598729
599191
599662
600150
600608
601075
601545
601997
602433
602877
603324
603761
604192
604631
605075
605519
605944
606384
606834
607310
607718
608122
608528
608959
609390
609829
610211
610776
611241
611706
612355
612818
613118
613415
613679
613963
614237
614714
615239
615602
615928
616535
616802
617276
617681
618833
619208
619605
620054
620505
621093
621457
621957
622597
622977
623361
623572
623889
624158
624497
624866
625378
625718
626078
626393
627728
628207
628684
629041
629516
630556
630821
631450
631878
632260
632637
633045
633500
633955
634370
634806
635225
635656
636050
636504
636931
637367
637813
638260
638708
639150
639665
640128
640532
640979
641427
641887
642348
642799
643262
643781
644236
644681
645139
645556
646019
646476
646949
647314
647862
648336
648783
649236
649712
650179
650716
651205
651685
652141
652622
653109
653583
654030
654506
654976
655456
655918
656398
656690
657055
657368
657832
658292
658774
659249
659716
660203
660692
661162
661628
662101
662593
663074
663949
664433
664899
665355
665814
666277
666742
667226
667759
668252
668723
669181
669656
670126
670585
671018
671665
672068
672405
672864
673183
673508
673981
674464
674789
675230
675698
676167
676607
676898
677186
677662
678168
678551
678997
679443
679893
680336
680794
681262
681733
682193
682637
683074
683927
684484
684936
685380
685618
685877
686248
686780
687245
687678
688163
688587
689043
689489
689957
690407
690929
691391
691862
692346
692827
693299
693770
694237
694739
695203
695661
696163
696637
697107
697563
698052
698528
698987
699485
699956
700454
700926
701404
701913
702403
702867
703344
703820
704334
704806
705278
705739
706234
706710
707179
707657
708131
708614
709080
709576
710071
710597
711074
711574
712049
712570
713046
713935
714421
714892
715223
715887
716344
716809
717265
717718
718179
718685
719177
719650
720118
720613
721106
721545
722006
722491
722917
723380
723853
724334
724796
725255
725730
726209
726683
727156
727627
728107
728575
729027
729493
729953
730430
730960
731423
731867
732340
732813
733295
733718
734177
734602
735051
735513
735971
736427
736939
737826
738292
738709
739166
739654
740121
740558
741053
741518
741960
742425
742907
743394
743833
744306
744745
745218
745681
746152
746616
747086
747536
747992
748455
748907
749376
749852
750335
750805
751286
751806
752301
752765
753202
753669
754158
754621
755079
755547
756041
756505
756941
757415
757895
758395
758868
759326
759811
760307
760713
761167
761643
762128
762648
763104
763542
764009
764488
764950
765397
765832
766294
766748
767206
767673
768132
768588
769069
769551
770023
770486
770963
771438
771895
772351
772821
773297
773751
774201
774672
775138
775607
776061
776534
776999
777507
777966
778400
778879
779354
779790
780273
780767
781244
781688
782164
782653
783128
783591
784063
784520
784989
785460
785947
786946
787399
787836
788322
788774
789216
789691
790191
790659
791113
791551
792028
792495
792959
793425
793885
794339
794832
795311
795805
796268
796721
797165
797588
798040
798496
798955
799411
799867
800328
800781
801235
801698
802173
802649
803117
803594
804083
804573
805042
805528
806021
806559
807029
807470
807937
808444
808932
809422
809956
810393
810859
811441
811946
812429
812961
813437
813957
814440
814870
815338
815859
816318
816798
817311
817797
818285
818801
819306
819782
820257
820771
821245
821696
822181
822623
823087
823616
824106
824611
825079
825523
825991
826477
826937
827391
827832
828311
828711
829011
829273
829724
830075
830520
831002
831487
831524
832007
832465
832956
833466
833949
834407
834882
835377
835853
836320
836779
837257
837722
838205
838721
839240
839733
840223
840731
841244
841725
842196
842709
843186
843728
844206
844562
845120
845584
846043
846546
847011
847460
847931
848425
848885
849337
849779
850248
850755
851239
851736
852230
852698
853155
853643
854129
854582
855067
855576
856052
856519
857012
857927
858399
858867
859330
859771
860214
860668
861589
862038
862476
862910
863364
863880
864365
864861
865340
865864
866351
866806
867277
867691
868199
868721
869214
869676
870163
870671
871149
871604
872081
872580
873052
873500
873982
874482
874955
875407
875886
876376
876838
877303
877736
878216
878680
879122
879595
880081
880532
880972
881442
881932
882393
882851
883289
883755
884230
884697
885137
885646
886096
886563
887017
887496
887994
888457
888898
889373
889868
890329
890768
891237
891677
892135
892578
893039
893559
894016
894467
894911
895376
895848
896299
896694
897149
897609
898069
898545
899038
899575
900056
900516
901002
901504
901967
902407
902853
903303
903744
904177
904604
905050
905491
905959
906400
906848
907316
907668
908028
908791
909450
909771
910306
910825
911282
911704
912089
912473
912849
913586
914016
914524
914965
915512
915955
916268
916812
917220
917557
918036
918482
918806
919139
919499
919969
920305
920633
921007
921389
921874
922558
922958
923357
923751
924154
924561
924964
925356
925753
926155
926608
927022
927443
927881
928318
928704
929207
929648
930093
930541
930976
931426
931972
932448
932750
933199
933652
934107
934571
935019
935466
935920
936362
936811
937260
937727
938149
938582
938987
939645
940120
940519
940926
941333
941714
942125
942502
942882
943289
943700
944208
944572
944991
945430
945860
946289
946715
947141
947521
947961
948416
948911
949362
949761
950227
950749
951190
951636
952102
952566
953203
953643
954100
954753
955021
955365
955721
956108
956456
956910
957325
957688
957993
958324
958596
958899
959232
959676
960133
960598
961067
961528
961992
962460
962926
963393
963839
964301
964766
965233
965690
966141
966598
967057
967512
967965
968428
968878
969319
969778
970236
970674
971124
971582
972043
972491
973084
973952
974385
974776
975246
975681
976146
976623
977103
977574
978056
978547
979020
979476
979949
980418
980892
981348
981802
982267
982742
983212
983686
984093
984616
985153
985565
986027
986430
986974
987374
987886
988445
988834
989281
989739
990200
990653
991116
991593
992066
992520
992977
993386
993893
994335
994790
995253
995720
996168
996645
997049
997592
998055
998531
999001
999535
999987
1000365
1000830
1001377
1001784
1002257
1002740
1003201
1003650
1004111
1004578
1005048
1005504
1005967
1006435
1006901
1007353
1007805
1008254
1008705
1009156
1009603
1010043
1010486
1010926
1011356
1011803
1012367
1012745
1013179
1013585
1014031
1014494
1014936
1015382
1015826
1016272
1016707
1017514
1018014
1018468
1018940
1019403
1019873
1020331
1020735
1021289
1021705
1022252
1022737
1023729
1024126
1024600
1025149
1025544
1026011
1026477
1026945
1027394
1027844
1028691
1029212
1029668
1030141
1030616
1031092
1031553
1032011
1032470
1032938
1033393
1033848
1034303
1034754
1035192
1035642
1036094
1036548
1036980
1037426
1037885
1038334
1038778
1039227
1039674
1040128
1040574
1041024
1041471
1041924
1042370
1042818
1043267
1043717
1044169
1044611
1045068
1045538
1045983
1046437
1046891
1047350
1047803
1048261
1048720
1049198
1049656
1050109
1050555
1050946
1051462
1051900
1052335
1052764
1053195
1053625
1054053
1054485
1054936
1055797
1056233
1056683
1057112
1057552
1057997
1058920
1059385
1059858
1060422
1060714
1061162
1061619
1062075
1062552
1062980
1063397
1063834
1064263
1064668
1065114
1065604
1066041
1066476
1066924
1067382
1067831
1068290
1068766
1069245
1069704
1070165
1070628
1071084
1071545
1071999
1072452
1072904
1073344
1073790
1074236
1074683
1075128
1075569
1076010
1076458
1076893
1077334
1077781
1078234
1078687
1079133
1079583
1080036
1080487
1080946
1081410
1081861
1082304
1082733
1083197
1083684
1084132
1084589
1085049
1085506
1085956
1086408
1086859
1087319
1087760
1088206
1088647
1089097
1089533
1089974
1090414
1090856
1091290
1091722
1092158
1092587
1093022
1093466
1093899
1094335
1094777
1095646
1096073
1096497
1096938
1097364
1097752
1098200
1098683
1099144
1099594
1100045
1100494
1100922
1101342
1101776
1102220
1102680
1103126
1103586
1104063
1104508
1104958
1105408
1105812
1106313
1106768
1107221
1107672
1108116
1108559
1108996
1109441
1109884
1110325
1110769
1111213
1111649
1112078
1112513
1112949
1113380
1113807
1114232
1114671
1115104
1115550
1116000
1116457
1116901
1117351
1117810
1118262
1118713
1119584
1120142
1120566
1120921
1121368
1121855
1122302
1122739
1123178
1123619
1124052
1124492
1124935
1125385
1125819
1126265
1126715
1127164
1127608
1128054
1128487
1128930
1129361
1129804
1130261
1130661
1131171
1131600
1132059
1132541
1132990
1133434
1133890
1134330
1134776
1135228
1135675
1136116
1136558
1136944
1137395
1137894
1138342
1138788
1139177
1139687
1140132
1140585
1141039
1141489
1141928
1142380
1142846
1143283
1143736
1144124
1144660
1145109
1145573
1146033
1146491
1146937
1147388
1147849
1148299
1148737
1149182
1149628
1150075
1150519
1150971
1151429
1151872
1152311
1152763
1153216
1153659
1154107
1154559
1155014
1155469
1155924
1156384
1156843
1157294
1157757
1158226
1158659
1159108
1159561
1160014
1160931
1161372
1161813
1162256
1162694
1163134
1163577
1164030
1164943
1165334
1165919
1166374
1166777
1167230
1167679
1168120
1168560
1169008
1169449
1169885
1170330
1170784
1171235
1171682
1172137
1172587
1173043
1173488
1173935
1174380
1174824
1175266
1175701
1176145
1176596
1177036
1177482
1177921
1178358
1178794
1179234
1179679
1180129
1180567
1181018
1181468
1181916
1182348
1182791
1183235
1183685
1184128
1184539
1184981
1185884
1186331
1186785
1187236
1187631
1188150
1188586
1189042
1189494
1189949
1190410
1190864
1191308
1191762
1192222
1192770
1193586
1194032
1194481
1194911
1195357
1195806
1196254
1196689
1197611
1198069
1198924
1199380
1199827
1200265
1200739
1201184
1201617
1202047
1202490
1202873
1203377
1203812
1204257
1204706
1205144
1205587
1206166
1206544
1206882
1207319
1207798
1208233
1208637
1209085
1209628
1210057
1210422
1210844
1211145
1211481
1211937
1212290
1212740
1213131
1213659
1214119
1214573
1215156
1215511
1215883
1216327
1216805
1217243
1217691
1218145
1218601
1219045
1219500
1219952
1220411
1220847
1221287
1221724
1222163
1222689
1223151
1223531
1223948
1224373
1224790
1225247
1225619
1226050
1226499
1226922
1227325
1227721
1228047
1228371
1228973
1229417
1229730
1230202
