539
539
506
317
317
392
400
381
359
369
340
429
456
453
390
547
499
385
275
1186
500
701
360
894
797
545
577
328
310
495
271
422
407
263
833
379
308
442
271
367
820
513
592
273
263
289
583
443
346
602
1093
689
742
541
305
294
1770
378
367
537
372
403
333
274
355
498
272
282
303
359
364
408
314
393
463
448
423
333
307
337
263
432
459
451
568
578
380
447
1445
523
496
315
310
624
279
456
433
443
360
333
417
424
386
733
518
244
419
523
595
469
515
593
641
442
770
574
330
285
294
367
357
475
612
1282
303
721
908
504
712
529
400
325
319
784
1005
715
600
310
783
573
1019
520
363
296
306
1044
476
689
548
517
772
554
775
308
314
365
467
554
424
2574
345
350
508
401
335
537
1088
337
503
517
767
591
548
312
565
396
624
1145
623
1143
701
307
294
251
481
471
401
409
409
366
481
508
398
329
372
341
388
436
317
343
334
655
532
606
631
411
334
290
260
336
339
391
292
501
399
350
324
317
385
343
425
505
374
467
476
355
578
357
429
423
388
254
416
366
468
513
529
439
457
310
430
313
317
461
692
469
662
741
511
524
533
580
635
649
582
580
631
477
414
612
421
378
256
341
408
435
443
481
356
326
397
400
352
321
465
414
495
413
575
479
401
323
483
335
352
343
409
346
341
303
298
808
481
305
309
347
464
523
372
394
662
626
463
276
348
1124
626
617
415
327
519
799
623
588
566
414
727
472
401
273
343
414
386
470
406
435
349
479
369
308
499
448
251
633
495
514
218
391
407
273
305
515
415
393
380
323
301
816
285
514
555
292
377
269
330
504
542
472
363
255
305
878
314
391
423
436
451
423
731
684
365
397
327
521
632
569
442
423
428
423
338
257
320
281
258
271
596
493
419
286
736
455
451
449
459
438
443
455
453
443
456
449
440
441
439
436
433
449
446
456
457
453
454
451
442
443
451
525
453
464
443
453
295
472
306
397
397
367
84
414
446
434
458
448
455
461
449
461
457
448
465
445
483
479
385
271
273
348
351
430
327
264
289
445
445
454
447
447
447
309
329
378
448
328
388
338
362
357
449
459
456
327
420
486
486
334
277
382
460
368
373
313
421
474
419
313
302
468
266
289
265
251
450
484
456
454
364
327
350
351
429
446
373
330
433
424
404
415
586
285
442
547
454
555
316
409
322
433
406
412
429
435
410
383
465
522
500
337
503
446
538
436
555
460
454
416
446
404
425
298
482
358
494
460
321
468
398
420
465
481
533
448
459
776
514
486
334
328
399
477
562
354
417
558
440
442
447
454
430
440
441
442
443
448
449
443
449
443
441
461
456
447
449
453
453
457
451
458
514
373
453
456
446
457
468
454
457
445
468
472
453
447
454
450
456
446
467
473
468
462
463
464
463
456
451
449
454
455
563
500
341
378
459
496
594
419
454
286
452
451
466
468
459
465
466
450
459
461
467
466
463
452
455
463
452
456
463
461
472
485
451
458
463
455
444
456
481
494
472
472
489
460
457
473
465
465
467
468
461
479
483
601
428
389
535
489
398
404
413
426
450
459
470
463
461
473
466
450
478
471
464
464
472
478
456
471
468
468
453
467
477
468
468
477
462
458
480
481
463
476
475
465
477
505
517
491
504
503
495
484
501
492
472
489
504
497
490
503
493
470
476
480
464
464
481
466
477
493
471
476
490
482
462
467
456
456
451
461
473
481
459
466
477
473
464
496
487
482
488
500
489
463
445
461
469
462
481
492
464
464
476
474
464
465
466
463
470
481
489
463
469
494
482
471
488
496
484
474
486
469
444
455
459
450
455
472
477
456
448
456
480
447
468
504
506
495
493
509
498
481
499
498
478
471
489
506
493
477
489
491
474
475
493
495
478
470
481
483
464
465
470
476
472
456
459
470
471
478
502
491
464
480
470
450
473
456
445
448
449
430
420
445
460
454
464
489
504
487
472
475
472
463
466
457
442
449
462
457
426
454
450
462
445
453
453
444
428
444
439
438
458
470
462
476
465
438
455
467
449
462
479
483
471
478
481
458
466
475
463
454
467
477
461
518
465
448
460
474
465
461
471
484
451
449
474
485
458
465
479
472
441
450
461
461
437
453
457
448
444
448
478
445
431
474
330
389
361
418
445
481
456
469
477
493
473
476
499
491
482
468
473
475
470
455
457
461
474
461
505
498
480
405
565
464
467
473
457
474
481
465
451
467
465
462
451
465
446
447
458
461
441
441
464
477
465
452
472
469
458
451
466
469
464
459
466
480
476
464
468
474
465
446
439
437
459
447
481
497
481
513
516
489
488
482
474
477
489
484
448
456
474
468
454
465
471
446
439
458
469
458
450
463
505
445
430
443
506
507
494
512
508
491
476
492
489
478
479
486
484
465
474
484
469
470
468
462
456
479
499
498
491
507
489
490
422
517
479
487
505
485
463
463
458
446
450
499
483
473
490
489
476
489
475
454
458
389
544
459
481
482
461
464
481
468
448
451
455
461
437
442
486
481
435
428
442
449
383
503
480
483
505
506
473
487
483
486
471
484
391
551
449
466
465
445
448
471
473
455
445
439
441
436
442
463
448
453
479
481
449
464
480
478
480
450
454
462
473
441
456
455
444
442
462
449
433
447
450
449
451
449
461
471
470
479
505
522
496
474
474
474
471
457
470
558
467
477
476
464
452
456
456
449
451
466
460
450
457
459
462
450
460
467
478
462
460
469
464
447
441
450
449
444
462
494
484
459
470
483
470
462
474
482
463
478
471
435
436
440
454
445
454
491
489
481
468
491
499
486
457
446
461
463
444
462
494
480
462
471
488
458
467
470
452
436
444
447
437
431
439
444
444
425
440
450
476
408
404
406
431
431
439
382
488
465
465
649
463
300
297
264
284
274
477
525
386
326
253
267
474
405
609
375
397
449
451
588
364
500
266
380
384
263
317
269
339
708
512
340
360
315
421
479
477
357
475
770
265
629
428
382
413
408
418
455
415
436
419
431
394
454
427
436
446
447
448
442
465
463
453
447
448
460
461
451
463
467
455
445
458
468
463
457
473
365
548
474
447
453
476
467
483
489
480
456
481
487
474
447
476
470
480
462
480
406
365
313
464
460
482
475
467
487
489
470
466
473
492
481
462
484
466
456
459
463
465
484
485
493
471
458
475
470
459
433
305
403
337
459
319
325
473
483
325
441
632
469
309
291
288
418
506
429
446
446
450
443
458
468
471
460
444
437
472
557
452
444
300
259
371
496
465
433
485
462
456
446
468
450
458
462
471
484
481
472
471
467
502
464
458
502
474
470
456
489
476
459
498
471
498
472
478
509
490
464
477
476
514
472
472
461
495
476
469
478
474
483
466
496
495
526
477
500
475
521
476
486
486
471
331
615
457
465
456
453
461
506
492
473
468
495
493
439
461
485
460
463
473
481
462
459
475
479
474
473
471
480
468
452
466
460
477
497
463
444
473
473
482
423
459
461
449
462
458
456
453
463
466
417
457
488
467
437
495
465
442
465
482
487
439
473
473
473
463
471
464
470
450
456
463
452
469
476
483
470
481
485
495
464
437
467
489
463
458
468
494
464
436
474
480
500
473
458
485
496
467
454
476
485
489
456
438
467
479
462
447
475
462
454
458
467
459
456
481
482
472
463
477
475
457
456
470
476
454
450
471
466
469
454
473
465
478
459
434
479
475
436
483
494
477
444
476
489
475
463
472
491
469
471
487
481
453
437
486
452
442
475
500
468
454
476
477
467
464
466
460
454
432
479
494
463
453
444
456
452
456
459
456
456
461
453
454
463
475
476
468
477
489
490
469
486
493
506
470
441
467
507
488
490
534
437
426
582
505
483
477
476
520
483
489
468
464
459
480
513
486
488
516
505
476
475
514
474
451
485
475
464
469
490
505
468
444
468
486
460
454
441
479
457
300
262
451
351
445
482
485
487
483
458
491
510
483
458
475
495
476
467
459
478
465
483
516
519
493
490
508
513
481
471
513
477
491
478
431
558
464
459
503
465
449
471
494
460
452
478
469
449
484
497
494
468
457
488
486
453
485
509
476
467
493
465
472
468
463
441
443
454
442
449
438
464
454
445
485
496
479
473
487
455
471
466
508
522
493
462
487
508
478
455
477
499
472
448
482
500
473
452
479
490
462
465
433
480
464
442
473
486
451
440
470
490
461
458
438
466
475
467
440
509
450
467
454
479
498
463
441
475
495
461
439
469
475
458
443
461
485
457
451
444
465
472
451
451
455
460
460
476
493
503
481
460
486
502
463
440
446
450
441
433
427
446
441
468
441
448
468
404
360
793
659
547
535
519
457
442
385
384
376
346
430
458
441
547
443
313
544
408
337
479
446
367
333
360
470
336
364
374
382
485
392
400
399
394
403
407
403
392
397
402
411
414
421
438
437
386
503
441
445
448
435
450
546
476
435
449
453
455
464
448
447
454
442
449
449
467
422
433
405
370
475
399
407
407
425
411
377
380
407
411
508
413
419
439
430
429
426
426
420
440
455
443
451
399
466
522
441
446
466
464
637
440
457
264
268
344
529
387
348
454
415
345
305
331
272
303
333
444
457
465
469
461
464
468
466
467
446
462
465
467
457
451
457
459
455
453
463
450
441
459
458
438
450
458
461
448
593
551
433
438
470
435
465
477
480
471
482
491
473
456
473
469
474
456
454
465
475
470
474
407
481
537
460
462
403
544
400
472
559
453
447
458
461
453
463
477
473
454
457
409
507
442
455
463
467
448
477
404
543
463
476
470
564
452
378
465
547
454
473
483
461
449
461
467
470
456
463
468
466
452
452
449
451
451
447
440
443
440
430
447
564
425
434
455
446
463
442
446
444
446
435
379
500
454
472
463
470
458
404
554
416
547
485
545
397
474
549
449
467
466
468
449
450
395
521
456
473
475
476
461
458
459
468
455
455
455
451
438
450
452
454
432
446
459
449
444
449
447
454
446
450
447
453
446
448
449
450
452
442
457
470
445
454
454
459
453
458
459
478
458
453
446
391
516
438
435
429
431
430
428
432
451
436
436
450
429
440
445
455
465
473
564
346
448
457
456
449
428
417
437
429
442
446
458
437
435
448
458
449
459
476
479
459
461
463
456
461
454
453
452
440
446
446
447
445
441
441
448
435
441
447
453
453
446
450
453
451
459
464
451
443
459
464
452
448
457
460
457
450
452
451
460
441
446
441
450
436
441
440
442
434
432
436
429
435
444
433
436
442
485
427
424
441
426
428
448
449
461
450
451
449
428
420
434
444
460
446
460
477
445
450
450
404
501
455
453
451
444
443
437
445
443
441
444
444
436
429
435
436
431
427
425
439
433
446
450
457
444
450
459
452
451
458
558
424
355
447
456
447
437
439
441
433
440
443
450
434
446
450
449
444
446
433
443
431
443
457
400
510
462
459
451
449
444
456
440
446
452
447
441
442
386
451
499
448
446
389
446
445
453
454
450
439
452
466
437
453
388
536
449
464
460
458
446
451
461
450
438
445
446
447
444
452
458
443
439
452
453
443
448
452
455
455
455
460
459
451
463
469
464
449
453
453
437
441
441
443
438
440
443
453
461
391
544
455
466
453
449
441
440
448
441
436
445
454
451
447
455
450
456
445
447
445
444
442
435
444
451
440
446
439
437
436
440
445
450
438
451
450
448
432
443
444
450
443
448
442
430
447
454
451
395
519
468
456
452
455
461
454
444
454
460
548
449
446
449
430
446
449
448
435
460
458
450
456
447
438
441
445
433
430
443
383
504
435
445
449
438
443
579
429
338
437
448
435
444
448
543
429
365
390
301
336
456
353
450
391
528
460
454
583
312
372
444
449
438
448
454
456
444
455
452
459
436
440
437
439
526
462
434
417
425
417
457
447
431
449
423
403
396
326
324
602
444
358
472
