527
527
378
378
311
418
268
356
406
414
378
358
270
371
326
288
328
353
466
305
260
331
377
361
379
306
414
322
290
279
340
269
311
265
321
270
311
293
276
259
578
616
358
320
335
337
417
313
317
468
454
440
568
302
378
273
454
393
506
279
433
302
389
371
656
311
447
348
419
276
403
284
404
329
322
314
367
359
338
268
932
582
562
470
299
276
317
275
278
264
443
439
421
518
533
587
441
453
495
392
401
480
421
432
378
532
521
761
1041
280
289
370
460
375
471
447
436
433
384
541
335
422
268
461
340
291
301
481
407
382
513
269
301
261
279
273
277
261
372
314
378
402
411
404
342
273
303
316
294
361
295
400
253
279
284
351
307
267
351
312
457
322
358
363
412
449
529
396
407
525
451
442
383
295
288
410
359
252
281
274
343
319
343
368
318
413
276
302
272
370
393
390
1119
436
507
472
455
449
305
453
495
467
259
396
291
437
287
273
213
255
315
366
345
486
254
527
421
548
455
382
371
328
352
322
409
488
614
586
1092
473
632
552
566
509
408
457
302
308
384
516
539
472
519
518
600
511
536
572
549
529
499
476
503
460
407
273
432
449
553
557
545
556
559
267
273
264
549
543
542
536
516
552
533
557
544
554
545
565
556
550
552
559
549
549
564
549
530
526
500
517
561
305
282
286
546
524
558
532
557
522
528
506
531
528
530
559
549
556
527
533
501
532
535
532
522
539
550
260
272
274
271
557
587
559
574
274
299
550
570
557
573
573
576
557
552
528
559
581
526
541
576
549
564
585
563
571
580
577
565
567
540
434
404
265
304
273
289
268
275
276
289
278
280
576
278
269
284
271
574
568
579
588
567
587
583
570
575
567
582
580
596
596
586
588
570
588
575
595
581
593
600
581
605
599
614
613
603
603
585
599
591
587
588
573
577
574
608
591
607
566
582
574
581
566
560
572
537
575
552
582
281
313
585
590
588
547
626
591
589
306
287
297
576
578
614
579
596
587
577
594
570
600
569
596
576
574
579
572
582
569
594
572
576
556
564
565
570
555
575
580
562
585
568
580
547
565
705
550
425
574
281
267
317
558
555
560
566
583
559
585
569
573
565
582
579
584
578
577
577
581
579
590
565
577
559
577
570
279
291
275
574
543
569
577
570
563
266
272
271
287
268
280
266
276
273
294
279
546
557
558
551
570
561
565
568
559
565
540
262
276
269
296
265
277
269
572
552
562
563
550
570
555
587
575
599
584
586
580
581
609
584
608
579
611
604
611
611
592
588
290
273
299
269
589
596
614
610
616
610
600
614
582
598
587
601
605
592
589
616
614
604
607
598
435
637
614
272
348
271
639
646
639
636
649
630
652
623
637
611
636
612
623
621
612
611
587
605
582
595
610
607
583
539
275
286
276
284
322
300
272
321
284
346
598
639
613
607
603
612
601
604
617
633
555
318
252
280
305
434
602
627
273
340
279
621
607
610
611
592
592
617
617
635
609
619
616
594
614
594
600
589
617
602
615
603
607
604
296
272
260
270
287
275
297
617
608
621
684
525
563
559
609
591
617
613
614
629
606
614
606
636
620
632
629
619
642
600
622
601
604
601
573
592
511
514
566
574
638
624
772
324
451
281
355
264
341
271
366
603
627
606
626
610
617
630
611
617
607
622
616
603
619
607
578
542
271
258
261
285
283
279
294
283
610
621
639
645
637
653
644
640
624
618
635
634
654
644
649
650
637
651
613
604
506
273
561
296
266
634
642
660
228
376
310
411
452
584
308
402
252
265
444
563
401
343
333
404
303
377
560
600
644
275
318
299
329
614
664
458
300
284
264
269
764
662
691
323
483
305
646
670
271
304
292
545
677
281
356
285
327
260
381
317
379
257
347
270
340
286
392
283
300
635
719
533
645
327
336
269
280
644
659
644
620
639
328
315
328
657
618
617
599
689
620
703
613
635
621
595
662
632
633
707
537
602
723
591
642
638
581
661
630
622
602
645
577
684
288
294
298
251
363
263
648
638
626
632
632
619
628
584
611
606
642
637
643
637
648
645
637
660
664
760
585
706
267
358
714
661
669
608
709
320
306
654
650
635
635
654
626
658
650
650
684
696
636
327
334
326
672
653
730
663
394
330
324
360
323
302
690
681
674
672
676
676
647
672
648
643
668
634
637
647
316
334
326
664
670
674
301
375
432
659
569
675
377
307
277
397
324
312
684
676
577
347
252
345
717
668
711
698
718
708
705
701
707
699
685
700
663
781
576
676
362
316
318
789
565
645
324
311
336
318
337
294
694
688
742
628
723
698
711
704
702
696
676
686
657
767
672
666
695
325
368
357
684
686
690
659
673
678
645
681
671
679
683
660
701
680
701
656
624
662
635
338
366
327
689
696
707
692
683
711
683
695
692
660
672
668
681
655
648
640
645
684
672
697
684
698
701
679
673
318
337
674
655
635
686
662
665
642
657
685
636
692
673
651
695
675
680
693
653
631
668
711
642
705
684
685
681
679
637
654
657
653
685
672
674
653
654
635
623
609
563
623
650
716
695
696
721
709
732
709
729
693
721
687
618
606
639
700
320
354
317
699
701
678
678
645
637
646
648
681
746
726
758
731
738
737
707
466
320
363
360
256
403
332
702
721
693
720
702
688
697
682
677
669
665
668
606
524
516
528
320
371
336
377
316
365
370
379
379
365
704
742
694
747
741
698
680
339
314
314
707
675
689
707
683
697
690
712
670
649
677
715
651
692
693
686
703
669
670
596
654
685
679
717
683
413
365
321
327
348
442
272
262
669
679
295
384
406
320
376
406
327
396
326
428
326
695
726
719
701
720
704
712
683
688
690
665
683
649
651
677
344
294
486
1026
305
511
375
421
288
259
543
606
543
569
651
511
750
476
480
462
544
498
545
564
515
560
271
324
260
590
543
632
587
700
559
593
614
595
520
350
257
377
260
382
259
314
296
318
258
431
318
272
487
252
289
300
297
275
319
255
351
278
621
591
615
578
591
599
603
644
597
621
627
621
627
631
621
622
617
621
624
608
639
586
584
266
291
257
265
265
305
278
611
630
672
621
642
633
614
630
597
637
606
597
627
594
457
582
621
639
638
631
660
657
662
621
637
629
630
661
610
610
634
570
556
561
445
499
478
268
412
256
400
258
454
688
719
717
678
673
658
688
699
674
692
658
671
664
632
619
649
637
641
635
622
635
660
718
710
627
658
643
640
670
613
594
669
637
647
664
649
649
637
655
645
629
646
635
628
626
609
465
555
619
476
653
403
262
377
659
637
634
652
576
600
614
602
629
633
628
618
570
262
278
252
650
599
633
587
617
611
625
623
634
629
605
553
290
304
338
270
665
644
653
631
626
636
581
581
575
602
639
667
637
665
619
658
645
628
650
593
583
599
628
666
639
662
651
659
647
637
652
651
616
688
581
636
633
647
652
637
647
648
619
633
595
557
636
535
509
625
605
607
627
621
646
625
635
670
644
632
652
631
634
590
554
695
419
310
398
269
311
416
301
275
692
695
691
694
705
674
659
640
613
666
597
636
694
681
683
678
629
619
685
688
656
679
661
567
648
643
693
683
646
685
685
665
660
578
610
624
597
666
443
307
253
679
663
653
708
682
697
647
632
668
654
654
632
542
621
514
371
304
343
265
406
666
672
676
663
655
719
530
595
703
670
688
683
677
652
583
662
667
669
684
656
676
679
649
681
630
366
387
397
362
396
411
395
277
260
417
637
652
609
632
625
627
668
675
675
704
664
684
648
649
627
609
640
603
568
569
645
684
655
662
653
615
643
646
664
673
639
694
683
580
636
693
710
696
702
675
665
674
720
847
259
388
662
677
264
407
649
682
645
664
669
636
432
561
559
309
340
355
319
360
316
710
684
685
667
656
597
279
254
262
655
658
662
685
684
646
652
620
554
632
648
669
679
680
648
618
599
557
299
347
259
628
618
660
671
640
612
591
282
301
646
625
657
629
645
612
540
495
566
615
664
621
639
635
621
471
563
665
664
672
669
657
673
649
633
566
669
666
657
658
661
667
663
625
626
539
496
475
402
385
569
380
303
679
692
690
626
609
563
553
673
642
698
914
785
573
330
261
264
432
376
289
254
698
683
669
607
568
687
783
731
435
481
455
443
535
483
471
388
650
396
393
278
259
261
473
549
498
441
565
454
347
322
304
276
296
389
383
310
322
561
482
556
390
372
332
382
418
412
411
407
402
927
516
792
513
608
563
591
429
641
631
813
507
568
406
442
427
303
376
505
306
519
579
505
357
406
437
514
478
465
519
453
452
399
425
357
257
393
288
468
512
356
260
252
310
376
464
309
394
619
792
195
480
262
330
475
530
473
385
621
413
417
628
442
370
332
340
327
317
473
367
536
590
476
521
493
581
329
486
562
348
487
329
399
400
333
379
314
334
342
256
343
403
358
378
495
442
278
451
447
590
739
1148
464
236
253
354
280
316
317
734
731
437
615
404
546
336
614
405
363
283
524
467
435
453
500
521
531
548
533
584
575
587
675
513
409
432
314
389
442
364
347
407
404
323
1050
604
302
266
394
644
297
313
300
419
427
504
587
286
430
543
375
589
440
475
563
604
341
404
407
450
315
360
440
432
311
444
328
314
341
324
285
278
331
544
635
522
499
456
525
486
571
455
585
262
316
344
309
328
544
727
334
377
354
996
470
634
263
285
278
605
541
322
259
253
319
455
267
351
276
499
379
407
262
311
356
298
336
289
379
304
309
346
280
492
620
601
434
264
607
382
403
430
460
418
668
527
729
345
434
344
588
315
393
278
555
528
516
503
508
459
552
437
500
372
339
309
273
320
401
442
378
480
403
317
314
367
408
299
305
265
300
355
277
261
286
415
370
346
395
360
335
330
384
190
348
254
353
410
415
360
373
398
472
487
496
517
387
379
1334
790
456
574
436
449
479
684
402
376
324
329
481
478
499
601
594
507
499
567
473
572
406
478
471
269
486
328
282
374
541
601
428
508
479
511
587
530
510
577
541
535
543
515
458
481
577
466
544
505
610
475
525
560
630
492
579
565
564
254
307
324
548
530
435
563
620
562
474
470
547
584
385
415
351
615
446
474
543
559
432
396
494
355
401
376
467
315
390
354
350
507
458
294
357
408
348
387
342
647
510
516
525
511
591
516
489
512
504
495
512
514
460
507
517
549
564
556
571
561
563
518
526
621
531
529
539
609
539
510
455
598
558
548
563
535
553
459
610
513
536
518
550
519
530
446
565
609
566
534
716
350
372
266
251
317
410
534
534
548
525
546
520
549
558
573
538
524
466
572
519
532
540
492
614
533
540
517
518
551
530
553
528
541
568
558
547
536
510
532
511
533
544
549
638
456
511
488
554
544
545
564
561
573
570
589
582
550
572
549
578
576
550
559
607
508
448
535
584
568
579
560
700
445
528
558
544
576
636
512
568
540
549
518
536
542
551
584
607
691
524
604
586
600
577
592
573
594
553
572
556
579
548
572
562
594
547
564
557
535
576
531
443
563
605
531
543
552
532
547
523
545
537
570
553
560
578
552
558
561
571
630
486
534
554
530
483
624
583
582
572
585
575
562
585
532
550
490
656
573
541
584
576
599
502
582
588
551
576
575
565
664
580
565
581
584
571
586
541
573
463
606
538
543
675
559
533
424
461
488
612
550
570
561
489
554
493
628
517
529
524
527
550
558
525
525
513
524
511
299
297
483
530
448
303
320
301
557
547
553
516
500
479
504
470
476
446
622
524
538
502
471
611
552
462
595
530
522
558
531
396
424
405
518
499
563
621
488
646
528
542
579
542
563
529
566
569
531
559
466
610
610
486
637
489
489
460
630
618
557
561
562
478
622
561
543
488
644
539
547
539
538
544
510
438
288
347
341
263
252
517
553
535
553
527
523
435
580
525
541
566
551
538
545
519
520
547
527
551
520
536
465
448
643
354
422
379
495
573
