457
984
1851
2229
2801
3219
3487
3594
4000
4414
4792
5150
5704
6075
6401
6587
6915
7268
7716
8021
8281
8612
8989
9350
9729
10035
10449
10771
11061
11340
11680
11949
12260
12525
12846
13116
13427
13720
13996
14255
14574
15190
15531
15851
16186
16523
17562
17875
18192
18660
19114
19554
20122
20424
20500
20773
21227
21620
22126
22749
23182
23484
23873
24244
24900
25692
26139
26829
27248
27524
27927
28211
28615
28944
29266
29580
29947
30306
30660
30928
31926
32508
33070
33540
33839
34115
34432
34707
34985
35249
35838
36277
36698
37216
37730
38317
38740
39193
39688
40080
40481
40961
41382
41814
42192
42724
43245
44006
45047
45620
45909
46279
46739
47114
47605
48052
48790
49223
49625
50166
50797
51219
51487
51948
52288
52579
52880
53361
53514
53896
54409
54678
54979
55240
55506
55779
56056
56317
56554
56868
57246
57630
58041
58445
58787
59060
59363
59679
59973
60334
60629
61029
61282
61561
61845
62571
62878
63145
63496
63513
63970
64292
64635
64998
65410
65859
66388
66767
67174
67710
68161
68603
68986
69625
69913
70539
70898
71150
71431
71705
72048
72367
72710
73078
73625
74038
74314
74616
74888
75258
75651
76041
77160
77596
78103
78595
79050
79499
79804
80257
80752
81645
81904
82300
82500
82937
83224
83497
83710
83965
84280
84698
85043
85529
85783
86310
86731
87279
87734
88116
88644
88972
89604
89926
90761
91249
92623
93209
94344
94817
95449
96001
96918
97427
97611
98068
98370
98678
99062
99543
100082
101698
102217
102735
103335
103846
104382
104911
105460
105989
106488
106964
107467
107927
108576
108849
109281
109730
110283
110803
111348
111904
112463
112730
113003
113267
113552
114095
114637
115173
115689
116241
116774
117331
117875
118429
118974
119539
120095
120645
121197
121802
122351
122900
123464
124013
125028
125554
126054
126571
127132
127704
127986
128272
128818
129342
129900
130432
130989
131511
132039
132545
133076
133604
134134
134693
135242
135844
136371
136904
137902
138434
138923
139455
139977
140516
141066
141652
141924
142198
142469
142755
143342
143901
144475
144749
145048
145549
146119
146676
147249
147822
148398
148955
149507
150035
150594
151175
151701
152242
152818
153367
153931
154562
155125
155696
156276
156807
157372
157985
158525
158959
159624
159889
160193
160466
160755
161023
161298
161574
161863
162141
162421
162950
163546
163815
164099
164370
164627
165195
165821
166409
166976
167563
168146
168668
169243
169856
170438
171018
171566
172162
172748
173336
173906
174494
175069
175710
176291
176884
177484
178065
178623
179222
179836
180449
181052
181655
182240
182839
183430
184061
184649
185222
185753
186327
186983
187574
188181
188698
189280
189854
190435
191001
191607
192179
192716
193291
193843
194425
194706
195019
195556
196146
196734
197281
197907
198498
199087
199656
199943
200240
200816
201394
202008
202587
203183
203770
204347
204941
205511
206111
206724
207320
207896
208470
209049
209575
210157
210726
211320
211892
212468
213024
213588
214153
214771
215326
215901
216481
217043
217582
218150
218730
219277
219842
220595
221145
221513
222087
222680
222947
223264
223775
224330
224890
225456
226039
226646
227231
227753
228326
228891
229473
229517
230101
230679
231256
231833
232414
232993
233583
234148
234725
235284
235861
236431
236662
236953
237228
237573
238116
238685
239262
239832
240395
240661
240933
241204
241491
241759
242039
242305
242581
242854
243148
243427
243694
244251
244809
245360
245885
246446
247011
247629
248188
248753
249293
249555
249831
250100
250396
250661
250938
251207
251510
252062
252577
253140
253737
254307
254862
255449
255978
256577
257161
257747
258327
258908
259517
260101
260709
261288
261899
262550
263161
263772
264364
264952
265507
265780
266079
266348
266668
267264
267878
268488
269104
269714
270314
270881
271463
272061
272648
273249
273854
274446
275081
275697
276311
276868
277475
278073
278923
279581
280195
280513
280861
281132
282097
282789
283428
284064
284713
285343
285995
286618
287255
287866
288502
289114
289691
290312
290924
291535
292122
292776
293358
293953
294563
295170
295705
296244
296564
296850
297126
297410
297732
298032
298304
298581
298865
299211
299809
300448
301061
301714
302317
302883
303484
303533
304150
304735
305290
305724
305976
306256
306561
306995
307597
308224
308543
308883
309162
309504
310111
310721
311332
311924
313091
313708
314325
314960
315569
316188
316804
317398
318012
318606
319206
319795
320412
321014
321629
322232
322887
324072
324694
324966
325226
325496
325738
326013
326310
326975
327537
328158
328890
329415
329978
330537
331146
331691
332308
332968
333582
334211
334771
335385
335991
336627
337247
337879
338555
339174
339816
340416
341038
341639
342243
342844
343417
344009
344520
345034
345600
346174
346812
347436
348208
348795
349246
349527
349882
350146
350487
350758
351124
351681
352308
352914
353585
354195
354812
355442
356053
356622
357229
357851
358467
359070
359689
360296
360874
361416
361687
361945
362206
362491
362529
362808
363102
363385
363712
364333
364927
365572
366209
366907
367505
368145
368812
369430
370065
370699
371353
371953
372649
373299
373936
374587
375200
375756
376262
376727
377835
378131
378397
379031
379673
380333
380561
380937
381247
381658
382110
382694
383002
383404
383656
383921
384365
384928
385329
385672
386005
386409
386712
387089
388043
388664
389308
389528
389846
390145
390474
391088
391752
392210
392510
392794
393058
393327
394091
394753
395444
395541
396024
396329
396617
397287
397577
397881
398173
398541
399218
399527
399883
400168
400495
400755
401136
401453
401832
402089
402436
402706
403046
403332
403724
404007
404307
404942
405681
406214
406859
407528
407864
408133
408413
408758
409417
410086
410646
411285
411633
411948
412276
412605
413223
413840
414439
415128
415726
416429
416948
417583
418204
418799
419461
420074
420707
421414
421951
422553
423276
423831
424473
425111
425692
426353
426964
427586
428188
428855
429432
430116
430766
431060
431358
431609
431972
432235
432620
433258
433863
434495
434516
435135
435763
436347
436958
437564
438206
438823
439466
440103
440751
441396
442033
442693
443357
444117
444670
445376
445643
446001
446715
447376
448045
448653
449362
449682
449988
450664
451314
451949
452584
453238
453864
454522
455172
455822
456506
457202
457838
458523
458857
459183
459831
460484
461190
461853
462555
462885
463209
463569
463892
464194
464604
465285
465959
466631
467307
467983
468630
469302
469950
470593
471261
471895
472532
473179
473515
473849
474175
474513
475183
475837
476510
476885
477317
477976
478545
479220
479597
479904
480181
480615
480939
481251
481956
482632
483209
483556
483808
484153
484525
485193
485904
486602
487320
488028
488733
489434
490141
490840
491525
492225
492888
493669
494245
494921
495632
495948
496266
497077
497642
498287
498634
498945
499281
499599
499936
500230
500924
501612
502354
502982
503685
504383
505094
505798
506500
507196
507872
508558
509215
509982
510573
511239
511934
512572
512940
513297
513957
514643
515333
515992
516665
517343
517988
518669
519340
520019
520702
521362
522063
522743
523444
524080
524704
525366
526001
526709
527075
527402
528111
528807
529514
530206
530889
531600
532283
532978
533670
534330
535002
535670
536351
537006
537654
538294
538939
539623
540295
541014
541674
542372
543073
543752
544425
544768
545105
545757
546412
547047
547733
548395
549060
549702
550359
551044
551680
552372
553045
553696
554391
555066
555746
556439
557092
557723
558391
559102
559768
560473
561135
561820
562501
563180
563817
564471
565128
565803
566488
567160
567812
568465
569119
569754
570377
570986
571549
572172
572822
573538
574233
574929
575650
576359
577091
577800
578529
579222
579943
580653
581271
581852
582491
583191
583536
583890
584207
584567
585268
585946
586624
587913
588550
589196
589844
590546
591292
592018
592776
593507
594245
594982
595712
596673
597632
597995
598355
598611
599014
599346
599716
600437
601105
601850
602529
603217
603937
604619
605296
605965
606606
607274
607880
608404
608920
609768
610088
610459
610795
611172
611488
611853
612223
612602
612981
613346
614026
614768
615462
616209
616950
617670
618350
618689
619003
619317
619688
620363
621052
621759
622442
623139
623829
624541
625211
625882
627165
627880
628531
629223
629916
630602
631305
631997
632644
633240
633894
634579
635258
635975
636682
637548
637913
638571
638898
639246
639688
639960
640222
640605
641284
641579
641963
642369
642631
643007
643413
643740
644136
644462
644890
645216
645585
646311
647008
647709
648429
649133
649845
650528
651216
651906
652571
653254
653903
654554
655231
656595
656889
657375
658401
658571
659082
659457
659878
660166
660425
660709
661315
661858
662427
663550
664061
664811
665287
665812
666274
666818
667316
667861
668425
668893
669453
669724
670048
670308
670638
671181
671813
672400
673100
673613
674206
674820
675415
675935
676584
676841
677218
677478
677860
678119
678433
678729
679047
679305
679736
680054
680326
680813
681065
681354
681654
681951
682226
682545
682800
683151
683429
683819
684410
685025
685603
686194
686793
687396
688040
688637
689258
689840
690461
691088
691764
692385
693007
693624
694245
694869
695477
696116
696702
697286
697507
697798
698055
698320
698585
698890
699168
699501
700131
700845
701466
702108
702741
703355
703985
704582
705219
705825
706422
707049
707643
708100
708731
709352
709991
710675
711306
711966
712623
713285
713906
714543
715172
715802
716463
717073
717683
718317
718887
719443
720004
720449
720948
721426
721648
722060
722316
722716
722974
723428
724161
724880
725597
726275
726948
727606
728294
728993
729667
730359
731017
731688
732352
732984
733603
734252
734842
735483
735527
736149
736742
737402
738120
738697
739324
739982
740625
741265
741889
742552
743146
743815
744452
745099
745714
746363
747012
747649
748304
748949
749578
750224
750859
751487
751531
752140
752658
753213
753832
754308
754961
755666
755928
756305
756964
757553
758187
758884
759460
760060
760674
761276
761905
762538
763166
763784
764354
764668
764946
765198
765639
766238
766871
767458
768075
768686
769311
769934
770521
771150
771797
772965
773530
773834
774172
774442
774837
775481
776134
776765
777391
778027
778608
779189
779764
780366
781005
781672
782309
782974
783593
784251
784896
785524
786174
786767
787350
787949
788577
789243
789882
791137
791788
792447
793094
793731
794383
795034
795650
796338
796869
797505
798138
798785
799437
800074
800678
801326
801945
802578
803173
803730
804366
804855
805364
805989
806547
807154
807827
808448
809051
809676
810311
811027
811671
812303
812955
813586
814220
814810
815364
816059
816793
817103
817803
818072
818383
818867
819168
819443
819802
820497
820546
821240
821945
822619
823278
823918
824531
825197
825794
826430
827124
827805
828488
829166
829795
830414
831099
831787
832443
833122
833783
834350
834998
835641
836334
837017
837663
838348
839033
839698
840358
840936
841501
842125
842764
843430
843873
844180
844433
845112
845730
846383
847143
847825
848522
849169
849801
850469
851123
851727
852359
852901
853522
854036
854654
854958
855301
855566
855972
856638
857310
857986
858601
859256
859975
860999
861594
862297
862967
863613
864296
865021
865673
866256
866918
867585
868254
868938
869594
870270
870949
871598
872279
872909
873655
874042
874439
874840
875236
875901
876296
876573
876833
877250
877887
878539
879148
879780
880405
880983
881651
882326
883001
883705
884369
885053
885701
886350
886977
887586
888226
888829
889397
889966
890611
891295
891950
892612
893265
893835
894478
894526
895190
895817
896456
897150
897833
898990
899668
900361
901071
901767
902469
903144
903762
904436
905156
906003
906563
906951
907654
908331
908595
909002
909651
910333
910978
911642
912311
912900
913332
913893
914452
914761
915101
915456
915775
916135
916451
917207
917891
918530
919197
919853
920450
920729
920983
921245
921686
922344
923006
923691
924375
925021
925673
926293
926847
927479
928127
928796
930134
930814
931462
932080
932679
933236
933535
933882
934141
934558
935176
935836
936507
937147
937759
938350
938632
938933
939579
940204
940861
942096
942789
943401
943941
944436
945002
945617
946281
946902
947541
948176
948797
949268
949887
950552
951216
951888
952557
953214
953887
954581
955214
955731
956400
957113
957770
958428
959089
959756
960419
961044
961670
962209
962705
963180
963535
963920
964489
964869
965172
965900
966592
967282
967908
968517
969080
969633
970306
970948
971646
972545
973330
973903
974233
974707
974971
975403
975733
976022
976276
976720
977403
978072
978679
979247
979976
980759
981490
981925
982406
982861
983304
983862
984725
985196
985584
986234
986630
987023
987620
987879
988140
988613
989162
989660
990101
990666
991120
991839
992161
992465
992741
993037
993426
993809
994119
994441
995002
995484
996040
996883
997255
997587
997969
998387
998781
999192
999599
1000001
1001286
1001802
1002594
1003107
1003715
1004278
1004854
1005283
1005510
1006141
1008032
1008539
1009107
1009513
1009955
1010382
1010685
1011061
1011525
1011831
1012350
1012929
1013434
1013791
1014197
1014718
1015232
1015747
1016212
1016731
1017702
1018154
1018553
1018978
1019335
1019612
1020005
1020293
1020964
1021476
1021850
1022110
1022362
1022721
1023097
1023579
1023888
1024282
1025597
1026389
1026584
1027064
1027326
1027609
1028084
1028614
1029087
1029472
1029595
1030008
1030425
1031053
1031510
1031880
1032212
1032606
1032933
1033250
1033766
1034133
1034669
1035259
1035735
1036256
1036749
1037330
1037707
1038193
1038951
1039654
1040141
1040470
1040579
1040979
1041312
1041691
1042005
1042339
1042681
1042937
1043280
1043761
1044119
1044550
1045045
1045487
1045514
1045965
1046507
1047097
1047836
1048984
1049448
1049662
1049915
1050269
1050549
1050865
1051182
1051599
1052330
1052767
1053382
1053543
1054089
1054425
1055039
1055444
1055737
1056020
1056544
1057011
1057863
1058316
1058816
1059337
1059868
1060416
1060949
1062068
1062643
1063230
1063905
1064418
1064827
1065259
1065573
1065962
1066404
1066585
1066932
1067339
1067743
1068066
1070141
1071073
1071375
1071664
1072058
1072702
1072999
1073312
1073612
1074031
1074458
1074504
1075091
1075668
1076098
1076696
1077071
1077923
1078363
1078838
1079401
1080005
1080630
1081034
1081441
1081797
1082112
1082472
1082912
1083344
1083655
1084099
1084427
1084741
1085082
1085406
1085691
1085969
1086300
1086719
1087354
1087876
1088375
1088764
1089289
1089775
1090346
1090910
1091495
1091757
1092073
1092417
1092710
1093038
1093582
1094309
1094662
1095039
1095393
1096389
1096612
1097246
1097651
1097936
1098214
1098927
1099468
1099807
1100066
1100319
1100638
1101093
1101639
1101990
1102266
1102765
1103144
1103567
1103829
1104140
1104836
1105134
1105470
1105759
1106138
1106442
1106751
1107097
1107377
1107869
1108489
1109090
1109524
1109788
1110395
1110777
1111180
1111646
1112106
1112524
1113192
1113719
1114448
1114793
1115227
1115600
1116188
1116649
1117042
1117320
1117627
1118155
1118671
1119174
1119682
1120141
1120731
1121168
1121635
1122739
1123078
1123642
1123915
1124235
1124653
1125095
1125473
1125970
1126373
1126690
1127004
1127371
1127836
1128135
1128440
1128705
1129005
1129360
1129637
1129898
1130184
1130599
1130969
1131315
1131710
1132070
1132405
1132735
1133119
1133529
1133877
1134131
1134484
1134894
1135309
1135709
1136082
1136480
1136932
1137977
1138473
1138990
1140841
1141220
1142554
1143344
1143800
1144374
1144810
1145259
1145738
1146422
1146867
1147589
1147913
1148242
1148680
1149158
1149657
1150258
1150709
1151216
1152641
1153208
1154567
1155139
1155545
1156023
1156494
1156763
1157249
1157577
1157859
1158233
1158869
1159470
1159898
1160406
1160885
1161396
1161518
1162048
1162558
1163135
1163676
1164211
1164629
1165144
1165602
1166083
1166660
1167126
1167670
1168175
1168785
1169260
1169785
1170345
1170975
1171467
1172046
1172611
1173175
1173726
1174033
1174357
1174941
1175471
1175906
1176469
1177089
1177651
1178125
1178641
1179188
1179772
1180606
1181021
1181372
1181987
1182433
1182907
1183450
1184009
1184894
1185616
1186110
1186465
1186511
1186887
1187354
1187712
1188102
1188456
1188806
1189313
1189771
1190065
1190422
1190675
1191023
1191410
1191752
1192399
1192943
1193459
1193948
1194459
1195050
1195520
1196009
1196521
1197025
1197520
1198032
1198546
1199006
1199513
1200030
1200579
1201143
1201699
1202270
1202831
1203394
1203912
1204438
1205059
1206005
1206534
1207073
1207682
1208221
1208682
1209137
1209735
1210293
1210841
1211404
1211939
1212492
1212951
1213561
1214074
1214610
1215128
1215678
1216197
1216727
1217173
1217738
1218347
1218913
1219447
1220207
1220557
1220929
1221195
1221446
1221763
1222173
1222658
1223192
1223740
1224265
1224811
1225331
1225880
1226438
1227011
1227549
1228073
1228539
1229111
1229630
1230162
1230702
1231194
1231808
1232341
1232881
1233398
1233916
1234467
1234997
1235550
1236078
1236619
1237187
1237745
1238292
1238828
1239338
1239870
1240381
1240914
1241458
1242007
1242645
1243101
1243612
1244100
1244654
1245198
1245743
1246307
1246868
1247441
1248011
1248600
1249182
1249732
1250304
1250853
1251431
1252007
1252557
1253116
1253723
1254231
1254679
1255214
1255798
1256366
1256945
1257505
1258205
1258650
1259178
1259736
1260280
1260856
1261492
1262004
1262572
1263112
1263661
1264179
1264715
1265257
1265808
1266392
1266999
1267690
1268214
1268861
1269447
1270047
1270578
1271170
1271743
1272337
1272890
1273462
1274018
1274597
1275145
1275717
1276279
1276873
1277420
1277984
1278585
1279120
1279648
1280179
1280622
1281185
1281790
1282321
1282864
1283416
1283948
1284495
1285018
1285563
1286100
1286670
1287223
1287783
1288361
1288913
1289471
1290032
1290603
1291233
1291719
1292253
1292852
1293382
1293819
1294443
1295026
1295608
1296180
1296765
1297340
1297902
1298487
1299019
1299569
1300059
1300715
1301288
1301877
1302461
1303037
1303636
1304138
1304756
1305344
1305895
1306471
1306518
1307083
1307630
1308210
1308775
1309356
1309940
1310511
1311097
1311638
1312211
1312674
1313280
1313780
1314323
1314998
1315557
1316090
1316581
1317042
1317604
1318216
1318766
1319336
1319897
1320386
1320974
1321467
1322095
1322612
1323141
1323701
1324228
1324778
1325336
1325861
1326386
1326899
1327423
1327934
1328718
1329015
1329498
1330028
1330476
1330779
1331099
1331400
1331656
1332203
1332756
1333272
1333772
1334251
1334755
1335225
1335748
1336194
1336816
1337340
1337836
1338338
1338809
1339420
1340015
1340477
1341072
1341566
1342088
1342646
1343177
1343609
1344033
1344438
1344923
1345422
1345985
1346562
1347050
1347696
1348224
1348766
1349345
1349845
1350408
1350937
1351552
1352121
1352652
1353211
1354648
1355258
1355868
1356354
1356991
1357480
1357969
1358429
1359059
1359639
1360196
1360757
1361319
1361797
1362419
1362980
1363523
1364011
1364615
1365154
1365701
1366240
1366778
1367322
1367832
1368270
1368691
1369038
1369379
1369642
1369894
1370411
1370927
1371462
1372015
1372584
1373107
1373542
1374122
1374605
1375146
1375712
1376263
1376801
1377346
1377865
1378385
1378932
1379459
1380010
1380572
1381108
1381573
1382021
1382664
1383508
1384838
1385217
1385739
1386312
