404
404
564
564
617
574
400
382
319
288
329
265
320
311
284
383
309
341
938
513
481
507
427
390
389
442
372
498
379
384
390
387
308
359
1002
502
485
440
255
310
290
329
258
480
401
436
520
430
372
274
350
402
258
281
267
265
328
289
284
408
254
549
532
533
447
616
466
316
381
487
369
386
445
358
419
362
442
340
335
330
276
273
286
287
446
703
576
318
361
276
283
276
272
444
329
328
377
272
302
358
313
322
367
339
505
256
406
345
541
352
299
268
280
296
258
326
293
256
307
255
340
261
378
264
343
352
402
404
336
369
320
363
337
333
410
441
511
690
517
467
378
515
432
441
325
324
1097
883
573
381
328
521
552
372
348
485
372
430
268
323
471
316
334
356
338
504
506
522
546
451
549
518
499
264
302
322
254
270
255
577
485
269
314
286
376
261
287
484
252
303
288
370
331
409
329
360
270
284
361
340
275
373
272
447
330
374
281
304
256
292
436
300
510
274
279
259
289
436
340
322
413
399
348
317
322
434
408
626
255
537
313
272
346
347
664
553
575
418
396
413
494
384
303
392
319
345
358
418
530
516
326
396
412
285
326
252
360
289
289
333
323
260
449
284
331
288
400
325
447
500
332
288
291
409
281
309
370
326
366
450
478
359
363
337
509
357
466
317
370
446
283
296
1033
728
408
355
374
388
492
443
372
327
479
330
520
504
514
403
528
532
522
377
394
305
371
463
491
404
325
570
443
400
348
408
363
454
497
334
336
368
474
375
252
394
271
272
357
324
454
320
255
339
406
324
371
445
364
365
372
334
307
437
363
332
372
438
282
338
365
434
343
314
303
296
340
276
523
450
410
330
328
256
269
286
257
254
295
295
294
258
261
251
546
442
454
507
442
490
412
303
416
434
356
449
312
308
403
325
338
334
326
599
309
317
295
401
444
405
272
293
280
262
321
256
300
271
278
261
293
376
271
268
328
625
831
383
313
323
1176
586
498
591
530
597
473
378
976
649
672
587
315
391
322
344
444
327
346
340
376
337
323
349
386
364
316
430
429
397
307
329
447
318
406
468
402
276
507
496
458
428
363
360
359
424
457
454
421
392
450
417
429
389
378
395
418
449
432
404
434
463
456
422
394
411
448
447
415
403
441
470
443
449
420
416
420
418
427
391
399
455
464
450
432
404
424
463
458
454
460
444
438
445
440
423
395
383
436
445
437
399
398
413
441
415
393
402
419
438
426
386
428
439
458
420
397
411
433
447
423
415
433
430
448
396
392
439
433
409
410
435
452
452
401
401
442
445
447
397
406
481
481
468
423
392
423
464
459
422
398
395
445
463
443
408
380
405
438
466
447
413
393
422
465
467
416
400
397
451
468
456
425
406
417
473
466
442
402
391
417
455
452
467
453
417
412
467
466
466
437
410
408
456
474
458
425
417
459
465
433
428
408
433
457
445
431
406
384
400
445
441
441
414
395
407
438
447
406
396
386
415
424
432
419
402
404
448
452
433
406
399
410
426
449
423
403
397
418
439
446
419
393
382
412
402
421
436
409
419
471
468
460
432
410
406
418
436
441
455
412
421
403
397
439
458
427
381
327
380
365
368
410
425
446
431
433
395
390
407
428
455
459
426
401
481
462
451
420
399
402
423
433
440
404
395
402
441
443
420
398
408
460
459
437
391
399
425
426
440
424
409
386
393
394
419
447
419
389
388
421
414
434
437
388
385
389
395
403
422
413
437
445
448
406
388
377
399
433
433
408
386
389
438
459
461
433
400
384
396
411
421
432
404
393
419
438
428
412
378
385
397
404
412
396
390
383
378
443
445
437
409
375
388
400
412
421
411
387
387
387
419
449
452
419
395
406
491
463
439
411
436
444
436
427
395
407
434
424
432
412
385
410
425
423
422
403
415
390
395
417
424
429
415
415
427
390
383
400
397
328
352
383
364
383
408
469
465
447
393
412
424
437
422
391
443
444
448
423
391
416
419
429
398
383
423
455
433
402
439
438
421
408
397
428
446
469
414
391
445
421
435
391
380
391
386
426
455
428
400
401
457
450
407
388
388
434
438
439
392
405
438
436
430
387
437
439
433
429
392
443
441
432
403
380
455
427
429
389
398
430
426
430
407
380
412
425
434
404
392
462
452
451
404
406
449
456
464
469
415
423
502
469
462
402
570
630
321
307
290
270
441
443
488
523
592
489
432
396
431
449
458
457
435
389
457
452
455
422
393
400
497
466
468
438
396
429
459
459
430
395
414
447
456
449
304
520
473
482
480
467
458
444
450
458
465
452
428
457
868
342
400
367
308
362
276
355
598
642
391
581
603
557
382
372
471
427
471
485
436
462
453
469
477
565
434
276
256
275
439
371
354
350
393
471
349
518
382
441
484
418
412
467
454
174
311
299
320
455
407
557
468
444
441
412
448
459
459
446
392
417
461
461
462
449
408
398
444
449
453
449
387
413
444
463
462
455
408
421
474
458
459
437
400
433
454
455
439
422
406
442
447
439
402
439
473
463
445
401
405
452
461
463
415
428
479
462
459
431
408
468
489
470
451
461
417
443
431
439
432
392
399
410
451
451
455
418
401
446
433
446
471
486
411
470
469
455
424
404
459
456
450
432
391
415
465
448
460
420
400
488
461
461
435
397
450
453
448
433
443
407
472
457
456
444
445
400
435
441
438
423
415
493
483
452
468
424
411
480
458
481
489
468
427
1079
732
601
357
326
506
402
393
468
501
485
443
423
432
504
494
479
626
423
331
493
407
406
263
446
559
601
479
476
428
436
444
468
471
448
477
480
465
426
434
458
458
436
401
441
453
452
421
401
464
461
447
391
410
460
450
436
397
444
453
457
441
387
436
426
459
429
394
484
452
454
440
403
470
446
449
445
408
404
421
419
425
405
392
476
464
445
394
455
447
465
391
453
457
457
433
405
467
459
458
434
407
467
453
463
426
539
499
433
252
269
276
261
319
367
400
394
368
406
293
279
413
405
495
464
460
463
450
410
446
446
459
456
442
460
462
462
424
454
467
461
426
445
475
475
469
448
443
466
469
467
441
430
458
467
489
487
455
456
478
482
483
460
435
466
485
477
451
452
468
476
474
461
450
469
481
477
450
463
463
475
477
473
433
408
443
470
486
487
459
451
470
472
469
417
462
468
469
455
435
455
464
469
442
432
461
456
463
448
411
479
463
480
456
401
498
462
480
456
442
468
473
462
467
460
456
455
409
474
461
484
463
439
464
461
470
471
404
453
458
413
455
467
480
456
411
465
452
467
447
412
420
477
457
408
482
469
480
462
409
483
465
492
465
419
500
476
493
455
404
261
303
412
483
459
473
455
409
481
465
478
450
505
494
451
468
414
462
470
500
498
430
484
483
475
476
447
499
462
439
406
499
363
343
338
323
436
418
566
474
447
512
514
463
427
508
490
473
439
484
506
500
467
468
445
563
402
500
396
482
461
446
482
333
327
434
320
312
529
340
304
349
285
372
430
475
471
498
484
487
439
484
483
505
496
446
455
485
490
497
457
448
498
497
487
449
461
470
481
445
433
479
487
472
419
436
482
458
419
437
527
478
446
449
470
467
461
470
473
470
427
486
477
460
408
431
473
436
418
403
446
493
482
423
445
494
308
322
253
267
478
465
453
419
418
480
479
472
442
430
470
475
466
433
728
499
325
322
287
663
761
959
761
429
301
314
355
346
251
268
269
270
253
534
442
470
324
540
512
558
462
495
266
356
406
464
394
503
427
407
596
476
460
408
491
470
487
478
439
478
474
459
404
403
454
442
446
407
413
509
472
454
452
415
463
501
485
330
333
380
366
337
339
371
336
327
333
323
1396
653
309
599
271
279
274
262
263
1050
545
457
474
416
440
382
468
421
438
492
480
943
421
358
332
334
499
259
155
310
340
698
544
565
409
299
451
732
335
427
371
451
392
428
431
438
469
489
478
532
376
466
519
471
415
379
454
399
434
536
273
252
274
300
282
349
382
374
334
409
443
399
302
316
609
403
469
343
390
475
322
302
419
435
370
365
526
364
471
503
388
483
455
468
445
408
409
467
524
342
345
332
268
330
517
435
494
421
405
479
512
464
389
510
364
499
462
452
538
549
484
452
481
311
484
476
406
450
459
477
466
520
586
611
445
421
384
433
438
459
415
421
401
479
453
404
355
490
478
380
438
306
401
313
425
262
252
288
425
460
517
399
427
483
461
409
382
481
450
414
409
406
457
453
278
262
335
382
470
456
415
416
495
484
457
417
463
477
453
407
418
445
518
393
471
421
410
534
411
422
390
437
419
447
410
425
480
468
486
421
444
485
535
416
440
441
470
396
419
263
383
467
496
414
416
413
465
514
410
425
426
483
404
420
457
516
428
545
412
441
459
453
406
483
444
462
445
410
403
544
370
384
415
387
500
470
303
384
380
292
394
402
428
403
443
436
402
373
467
418
479
404
417
428
445
395
374
385
432
490
413
381
470
464
412
372
409
455
424
486
380
459
498
430
382
452
500
465
417
422
313
267
270
415
436
423
417
451
462
405
416
404
440
446
428
353
311
432
432
551
396
381
455
491
391
410
417
305
546
401
419
433
440
472
406
419
378
508
391
410
411
505
424
415
430
428
501
472
468
619
568
443
365
516
405
428
333
421
481
431
499
291
285
423
387
448
457
462
405
381
383
440
400
510
389
348
443
302
324
442
511
387
412
463
403
317
302
414
389
318
332
371
256
388
433
430
305
387
527
519
394
327
296
461
532
388
331
392
437
435
394
446
283
255
273
390
359
425
532
440
361
327
524
481
465
404
408
341
353
302
374
394
423
340
509
465
402
413
369
430
403
381
411
546
474
389
477
486
399
390
468
382
450
441
401
367
344
280
260
440
310
263
340
328
269
479
442
431
551
440
406
410
387
481
463
457
420
396
517
492
468
439
460
480
456
476
428
431
442
570
440
491
378
481
460
473
436
362
547
435
448
353
339
325
392
365
377
316
297
441
416
380
452
449
484
381
434
485
558
269
276
386
378
437
317
478
370
472
452
383
465
437
421
578
385
287
344
433
319
458
466
461
456
416
425
430
397
548
415
391
488
347
319
413
336
397
504
436
388
442
478
481
503
426
459
440
462
384
504
395
389
405
326
421
349
422
368
446
472
399
462
426
442
476
307
413
344
305
373
396
419
420
305
452
489
380
397
305
335
514
498
426
448
478
535
365
348
620
310
468
610
450
478
379
382
464
529
461
441
440
552
448
428
451
443
461
504
471
329
287
363
489
427
447
392
399
325
307
433
347
275
334
442
475
453
484
451
519
441
509
416
435
541
432
414
473
465
464
515
646
310
390
401
384
400
351
380
555
971
870
307
457
270
262
280
368
265
456
327
325
561
1678
1504
627
321
360
348
352
365
371
366
346
392
391
397
397
375
373
406
413
429
413
376
380
431
414
422
384
378
437
417
415
382
380
439
397
388
371
393
401
468
356
373
350
352
329
331
342
374
408
444
389
386
436
427
415
387
390
412
418
412
397
412
431
451
400
389
406
404
433
385
378
407
399
422
407
380
399
424
424
425
397
394
418
432
424
409
401
432
422
467
436
426
462
480
482
454
430
447
465
456
407
430
435
459
439
410
408
422
441
426
412
394
411
430
441
407
391
417
436
419
400
377
393
405
413
393
375
391
411
412
397
376
392
422
410
415
386
381
425
473
476
401
436
462
476
472
423
432
458
506
427
443
420
478
492
437
420
450
473
474
420
429
453
491
470
419
432
467
466
456
414
424
488
473
422
405
428
450
458
424
410
439
434
431
429
405
403
335
517
437
403
399
418
441
447
415
413
435
430
451
1058
275
451
531
268
388
394
371
372
579
349
489
568
543
566
134
496
400
361
469
477
447
321
318
329
451
372
461
409
363
488
479
454
439
459
467
467
461
430
379
463
478
462
407
593
383
379
349
407
328
335
368
431
414
560
483
610
575
446
513
422
456
260
348
420
522
370
448
465
422
421
428
448
454
376
486
415
414
726
768
716
435
325
367
347
371
367
401
444
429
408
403
412
359
411
383
476
675
666
473
402
336
480
373
398
412
505
423
401
380
421
422
420
454
418
389
416
420
457
334
361
350
469
428
502
446
386
432
331
363
350
461
432
417
446
501
393
258
435
292
260
388
659
399
311
430
400
400
490
465
399
306
471
252
375
378
440
444
407
420
434
447
461
432
436
407
451
432
451
409
365
488
479
440
417
429
433
444
440
416
463
478
486
451
442
420
353
362
374
325
407
319
353
411
439
410
380
403
384
406
411
394
379
342
360
322
422
334
418
443
426
396
497
303
490
356
389
413
375
361
445
425
411
379
406
431
448
454
418
396
413
404
420
422
398
376
410
421
423
420
393
390
423
438
423
391
386
405
435
421
388
372
310
428
433
397
471
400
435
434
413
367
396
405
426
411
379
376
394
396
401
386
370
391
402
421
418
381
374
409
417
470
489
443
450
488
501
463
512
445
460
458
410
435
470
471
454
421
437
462
483
444
414
438
434
455
421
408
437
441
453
424
414
446
467
446
423
418
452
510
452
428
411
414
424
397
460
402
389
467
318
318
330
399
410
427
429
422
432
449
485
453
424
513
454
458
380
509
415
369
464
456
412
389
420
446
425
425
416
371
398
335
507
444
420
338
367
396
367
424
458
324
520
445
524
428
416
386
394
419
456
456
463
418
447
458
467
444
406
333
525
424
405
415
425
438
448
421
412
429
423
409
388
466
437
450
430
398
394
409
422
427
516
380
456
464
403
424
390
536
440
489
727
365
489
