339
743
1646
2210
3674
4248
4867
5249
5568
5856
6185
6450
6780
7091
7375
7818
8127
8468
9078
9591
10072
10579
11006
11528
11917
12359
12731
13229
13566
13950
14340
14708
15016
15375
16857
17359
17844
18284
18554
18864
19154
19817
20075
20555
20956
21392
21912
22342
22830
23104
23454
23856
24114
24395
24662
24927
25255
25527
25811
26219
26473
26754
27286
27819
28266
28882
29348
29664
30045
30551
30920
31306
31751
32109
32511
32873
33315
33655
33990
34320
34613
34886
35172
35459
35925
36744
37320
37638
37999
38275
38558
38834
39106
39550
39879
40207
40857
41129
41431
41808
42574
42896
43263
43602
44107
44363
44574
44919
45460
45812
46111
46379
46659
46955
47213
47539
47832
48088
48395
48650
48990
49251
49645
49909
50252
50604
51006
51410
51746
52115
52435
52779
53116
53449
54761
55202
55713
56403
56864
57331
57709
58224
58656
59097
59761
60085
61336
62219
62548
62929
63257
63778
64330
64818
65166
65635
66007
66437
66705
67028
67499
67747
68081
68437
68775
69279
69803
70325
70871
71322
71871
72389
72630
72894
73196
73531
73785
74055
74310
74871
75356
75625
75939
76225
76601
76862
77149
77649
77901
78204
78492
78862
79193
79583
79912
80272
80526
80810
81171
81511
81786
82159
82431
82624
82954
83328
83609
83913
84169
84461
84897
85197
85707
85981
86260
86519
86808
87244
87584
87906
88319
88718
89066
89383
89705
90139
90547
91173
91428
91965
92278
92569
92915
93262
93597
94150
94725
95143
95539
95952
96446
96830
97659
98051
98370
98715
99073
99491
100021
100642
100968
101364
101755
102040
102366
102618
102978
103267
103539
103872
104195
104455
104669
104953
105284
105572
105972
106297
106909
107409
107507
107795
108086
108495
108776
109085
109455
109759
110125
110575
111053
111722
112085
112422
112951
113308
113774
114091
114461
114907
115190
115486
116536
117264
117657
118012
118386
118774
119266
119726
120098
120425
120904
121234
121754
122258
122772
123175
123720
124252
124774
125577
125971
126276
126647
127110
127619
128023
128348
128656
129099
129499
129518
129926
130289
130743
131240
131554
131890
132258
132752
133127
133548
133942
134213
134485
134842
135166
135620
135940
136195
136549
136955
137279
137670
138115
138824
139189
139561
139895
140202
140685
141048
141380
141715
142153
142435
142753
143118
143552
143895
144209
144571
144867
145207
145483
145782
146232
146622
146952
147280
147536
147805
148091
148348
148602
148897
149192
149486
149724
149985
150236
150782
151224
151678
152185
152627
153117
153846
154149
154707
155141
155497
155946
156258
156548
156951
157276
157614
157948
158274
158857
159707
160024
160319
160573
161017
161422
161579
161872
162152
162414
162735
162991
163291
163562
163840
164101
164394
164770
165041
165309
165618
166243
167074
167822
168135
168458
169621
170207
170705
171296
171722
172319
172792
173170
174318
174882
175554
176141
176617
177008
177587
177931
178375
178577
178923
179263
179639
179976
180299
180705
181091
181455
181771
182201
182600
182997
183304
183633
184080
184398
184804
185272
185674
185950
186753
187249
187752
188180
188824
189184
189543
189967
190424
190878
191299
191691
192141
192558
192987
193376
193754
194149
194567
195016
195448
195852
196286
196749
197205
197627
198021
198432
198880
199327
199742
200145
200586
201056
201499
201550
201970
202386
202753
203171
203598
203989
204388
204843
205307
205757
206189
206593
207017
207480
207526
207980
208440
208884
209322
209767
210207
210576
210971
211354
211790
212235
212672
213071
213469
213882
214323
214738
215131
215583
216002
216440
216813
217199
217627
218066
218524
218944
219341
219800
220233
220626
221049
221464
221897
222327
222829
223578
223970
224409
224842
225251
225661
226096
226599
227051
227452
227853
228295
228689
229136
229585
229991
230472
230905
231373
231796
232188
232661
233125
233584
234006
234404
234748
235193
235656
236099
236507
236887
237292
237771
238237
238684
239097
239490
239865
240330
240797
241213
241613
242010
242461
242929
243385
243810
244216
244682
245155
245621
246063
246465
246807
247224
247730
248182
248649
249102
249519
249931
250398
250822
251288
251725
252135
252592
253048
253522
253980
254405
254769
255228
255693
256126
256554
256962
257395
257907
258352
258783
259189
259523
259923
260368
260853
261294
261708
262103
262510
262948
263395
263760
264156
264542
264957
265381
265813
266232
266682
267086
267534
267986
268419
268825
269224
269634
270060
270509
270932
271335
271732
272150
272589
273035
273454
273847
274229
274593
274995
275416
275852
276261
276727
277198
277666
278126
278514
278924
279330
279748
280184
280625
281080
281492
281542
281945
282342
282737
283195
283622
284003
284688
285068
285433
285801
286211
286636
287082
287513
287946
288341
288731
289138
289614
290069
290528
290954
291355
291790
292252
292741
293161
293508
293910
294333
294766
295206
295610
296005
296407
296895
297338
297717
298115
298572
299032
299491
299928
300319
300718
301143
301569
302009
302433
302842
303228
303571
303965
304384
304876
305295
305633
306021
306442
306897
307331
307768
308156
308541
308930
309325
309683
310105
310518
310955
311400
311891
312297
312685
313062
313461
313850
314283
314691
315077
315466
315904
316363
316877
317310
317710
318094
318490
318901
319322
319754
320158
320886
321305
321796
322224
322636
323014
323399
323753
324157
324569
324965
325355
325738
326116
326603
327048
327485
327894
328269
328608
329008
329420
329893
330304
330691
331078
331465
331884
332333
332785
333204
333599
334005
334496
334959
335398
335809
336245
336689
337125
337552
337947
338354
338788
339212
339644
340056
340441
340809
341234
341657
342079
342482
342532
342922
343317
343688
344112
344586
345001
345416
345843
346233
346616
347016
347413
347741
348093
348476
348796
349179
349629
350098
350563
351010
351403
351767
352191
352681
353103
353494
353937
354381
354829
355252
355587
356003
356422
356890
357288
357671
358094
358947
359380
359782
360221
360659
361080
361488
361885
362313
362759
363228
363642
364033
364478
364899
365334
365725
366105
366496
366539
366965
367420
367810
368210
368611
369068
369518
369925
370313
370751
371185
371623
372062
372454
372859
373297
373733
374163
374550
374987
375426
375859
376288
376680
377123
377511
377943
378346
378780
379235
379662
380091
380480
380878
381308
381734
382164
382571
382951
383363
383742
384176
384580
384972
385434
385886
386337
386780
387186
387635
388091
388555
389024
389439
389862
390364
390833
391295
391697
392267
392897
393515
393822
394112
394382
394823
395266
395754
396277
396908
397720
398532
398928
399359
399864
400322
400779
401214
401547
402004
402456
402911
403333
403726
404126
404671
405137
405605
406043
406439
406868
407327
407786
408216
408611
409025
409472
409928
410377
410681
411201
411674
412156
412636
413103
413561
414005
414875
415333
415798
416250
416678
417135
418003
418345
418745
419112
419420
419782
420058
420413
420939
421581
421972
422553
423156
423713
424095
424784
425255
425639
426110
426595
427031
427493
427946
428415
428938
429503
429937
430736
430992
431267
431643
432014
432368
432718
433111
433582
433931
434449
434831
435272
435741
436159
436571
437038
437492
437507
437818
438117
438437
438856
439263
439769
440237
440665
441106
441910
442358
442817
443276
443722
444114
444531
444992
445453
445915
446364
446788
447186
447612
448061
448514
448963
449350
449763
450207
450670
451132
451587
451995
452416
452890
453348
453807
454244
454644
455077
455531
455986
456425
456864
457270
457712
458159
458582
458984
459423
459896
460359
460804
461205
461669
462121
462566
463029
463444
463872
464351
464813
465272
465703
466111
466579
467068
467554
468005
468466
468825
469268
469699
470138
470570
470962
471361
471771
472222
472673
473128
473546
473947
474393
474826
475272
475760
476246
476890
477360
477829
478284
478708
479112
479571
480027
480477
480909
481300
481715
482180
482628
483088
483508
483908
484396
484857
485318
485769
486166
486598
487051
487499
487932
488375
488782
489254
489711
490167
490628
491073
491473
491908
492349
492771
493194
493609
494102
494602
495054
495537
495961
496372
496852
497310
497791
498280
499682
500109
501562
502597
503198
503555
503881
504387
504789
505182
505632
506133
506632
507075
507529
507961
508465
508959
509438
509600
510023
510354
510847
511254
511660
511923
512369
512631
513232
513711
514187
514615
515051
515495
515963
516434
516882
517785
518265
518730
519156
519590
520048
520506
520942
521343
521784
522237
522689
523110
523511
523975
524436
524883
525274
525733
526193
526643
527079
527476
527870
528323
528780
529221
529608
530044
530470
530929
531358
531752
532236
532688
533142
533582
533985
534455
534901
535350
535795
536203
536607
537028
537447
537872
538277
538669
539145
539609
540054
540448
540953
541400
541865
542646
543099
543556
544013
544446
544851
545318
545777
546235
546669
547076
547543
547996
548459
548885
549865
550364
550742
550994
552656
552932
553193
554724
555091
555491
555885
556253
556830
557123
557402
557611
558016
558511
558975
559435
559898
560348
560758
561204
561699
562158
562614
563056
563901
564363
564825
565673
566127
566594
567055
567481
567926
568401
568876
569345
569793
570236
570702
571171
571638
572079
572509
572967
573434
573923
574410
574865
575321
575799
576281
576814
577274
577709
578575
579060
579537
579988
580440
580960
581436
581910
582371
582770
583239
583720
584197
584647
585532
585995
586470
586521
586994
587427
587835
588278
588698
589184
589671
590130
590581
591051
591573
592042
592908
593370
593838
594307
594762
595197
595652
596116
596585
597027
597459
597920
598376
598839
599287
599648
600127
600590
601070
601526
601927
602425
602887
603367
603823
604265
604733
605206
605668
606544
607004
607460
607915
608324
608798
609259
609743
610206
610645
611109
611620
612090
612561
612965
613836
614294
614707
615162
615629
616109
616565
616976
617441
617893
618360
618854
619266
619686
620163
620664
621072
621554
622023
622503
622965
623374
623857
624322
624814
625279
625698
626198
626674
627167
627622
628026
628757
629060
629893
630376
630835
631308
631763
632172
632653
633118
633646
634096
634958
635452
635903
636371
636785
637247
637717
638217
638715
639145
639681
640164
640639
641115
641928
642427
642889
643328
643734
644233
644596
644939
645277
645600
646036
646506
647072
647546
647993
648966
649480
649943
650370
650878
651368
651841
652280
652764
653270
653819
654286
654701
655526
656089
656491
656544
656940
657422
657922
658774
659256
659589
659916
660632
660952
661264
661793
662133
662437
662786
663071
663443
663873
664348
664819
665317
665801
666288
666727
667620
668103
668608
669104
669550
670005
670490
670980
671477
671934
672382
672880
673377
673915
674364
674772
675242
675723
676168
676601
677080
677567
678039
678458
678894
679376
679834
680253
680690
681217
681695
682141
682590
683060
683577
684038
684875
685348
685818
686245
686731
687208
687668
688076
688507
688980
689416
689834
690237
690734
691227
691750
692173
692618
693112
693638
693960
694213
694480
694907
695372
695825
696244
696662
697142
697671
698143
698585
699015
699485
699960
700426
700859
703931
704430
704697
705019
705306
705811
707798
709015
709776
710205
710780
711094
711449
711795
712046
712314
712583
712853
713106
713640
714082
714552
714876
715416
715928
716486
716948
717443
717709
718065
718568
719032
719426
719929
720356
720763
721359
721877
722337
722745
723236
723706
724193
724671
725110
725977
726451
726910
727314
727717
728171
728613
729059
729466
729879
730388
730906
731360
731812
732227
732638
733139
734880
735717
736050
736430
736796
737133
737472
738756
739092
739419
739752
740075
741148
741801
742110
742709
742980
743546
743820
744082
744345
745635
746180
746637
747111
747879
748319
748762
749230
749706
750144
750636
751116
752059
753612
753970
754302
754672
755171
755430
755544
755854
756194
757010
757554
758119
758548
758847
759612
760344
760679
761106
761477
761506
761898
762326
762757
763195
763664
764153
764648
765985
766840
767306
767825
768296
768711
769090
769544
769943
770377
770913
771627
771879
772153
772453
772735
773084
773466
773821
774155
774714
775157
775556
775858
776174
776783
777186
777655
777998
778388
778863
779185
779610
780029
780464
780850
781215
781741
782105
782565
783068
783456
783939
784394
784880
785325
785652
786061
786578
787102
787516
787861
788193
788461
788740
789257
789692
790186
790607
791012
791491
791507
791971
792360
792870
793234
793749
794211
794663
795201
795737
796221
796621
797102
797788
798272
798880
799286
799736
800195
800672
801138
801636
802222
802833
803278
803652
804036
804469
804907
805366
805781
806202
806603
807082
807535
807939
808654
809144
809622
810002
810440
810746
811147
811726
812151
812413
812665
812953
813378
813822
814339
814688
815115
815598
816059
816874
817256
817737
818187
818601
819010
819416
819873
820326
820604
820866
821201
821648
822118
822574
822989
823405
823900
824384
824841
825258
825636
826113
826625
827032
827450
827895
828413
828806
829277
829698
830108
830642
831053
831475
831879
832316
832796
833243
833653
834078
834558
835026
835512
835933
836377
836862
837397
837813
838253
838694
839164
839699
840118
840381
840501
840968
841464
841878
842294
842732
843197
843711
844519
844944
845370
845853
846257
846677
847134
847650
848078
848623
849035
849793
850252
850705
851111
851634
852078
852523
852968
853378
853781
854325
854695
855079
855544
855931
856431
856901
857204
857727
858107
858674
859068
859470
859898
860301
860744
861180
861582
861955
862422
862822
863301
863691
864108
864536
864981
865376
865750
866135
866514
867004
867867
868248
868718
869182
869594
869966
870375
870869
871293
871779
872159
872634
873132
873562
873944
874396
874896
875361
875778
876200
876531
876798
877068
877543
877979
878402
878819
879270
879732
880137
880553
880957
881397
881843
882271
882624
882935
883367
883787
884338
884719
885100
885555
886046
886437
886847
887264
887569
888115
888516
888935
889368
889808
890280
890686
891105
891483
891991
892382
892792
893203
893708
894132
894547
894977
895405
895906
896378
896846
897465
898033
898897
899262
899874
900279
900707
901040
901907
902388
902759
903258
903559
903844
904267
904654
905102
905559
906021
906426
906807
907190
907630
908030
908540
908929
909577
910020
910322
910646
911088
911676
912063
912475
912938
913341
913553
913855
914269
914658
914976
915571
915942
916198
916735
917168
917598
917903
918290
918806
919325
919719
920046
920342
920789
921321
921709
922040
922506
922943
923378
923772
924529
924812
925067
925340
925853
926212
926532
927064
927521
927882
928209
928721
929202
929682
930086
930494
930817
931170
931472
931862
932256
932679
933019
933528
933993
934395
934858
935227
935689
936092
936473
936884
937430
937904
938686
939163
939649
940048
940438
940532
940914
941364
941786
942187
942554
942898
943178
943438
943878
944188
944451
944791
945119
945388
945586
946028
946459
947010
947450
947805
948215
948602
949083
949546
950003
950423
950819
951336
951828
952296
952735
953195
953675
954131
954607
955035
955466
955908
956478
956903
957767
958145
958626
959086
959559
959995
960765
961312
961763
962211
962564
962903
963228
963620
963985
964362
964690
964987
965428
965844
966224
966676
967125
967609
967990
968424
968717
969275
969528
969804
970190
970555
970992
971309
971560
971930
972402
972854
973547
974012
974449
974870
975448
975833
976120
976464
976897
977216
977690
978156
978617
979073
979489
979914
980344
980741
981289
981704
982095
982571
982918
983237
983650
983986
984383
984995
985431
985819
986261
986739
987220
987723
988149
988608
989048
989510
989894
990398
990793
991555
991960
992611
993032
993381
993803
994171
994705
995177
995594
996056
996482
996924
997400
997654
998067
998411
998731
999104
999500
999919
1000339
1000661
1001113
1001709
1002089
1002536
1002841
1003176
1003690
1004188
1004566
1005014
1005492
1006027
1006802
1007150
1007770
1008080
1008697
1009307
1009757
1010235
1010565
1010947
1011411
1011940
1012401
1012826
1013266
1013841
1014289
1014717
1015168
1015611
1016072
1016576
1017047
1017603
1017890
1018253
1018742
1019169
1019616
1020008
1020407
1020732
1021039
1021472
1021799
1022074
1022408
1022872
1023347
1023800
1024284
1024735
1025254
1025695
1026204
1026634
1027069
1027610
1028042
1028456
1028963
1029428
1029952
1030467
1031113
1031423
1031813
1032214
1032598
1032998
1033349
1034824
1035379
1036350
1037220
1037793
1038250
1038520
1038782
1039062
1039430
1039656
1040112
1040439
1040653
1041214
1043499
1044769
1045396
1045717
1046077
1046425
1046817
1047182
1047553
1047919
1048265
1048657
1049048
1049445
1049842
1050217
1050590
1050996
1051409
1051838
1052251
1052627
1053007
1053438
1053852
1054274
1054658
1055036
1055473
1055890
1056305
1056687
1057067
1057506
1057903
1058291
1058662
1059055
1059817
1060285
1060592
1060965
1061315
1061667
1061996
1062327
1062669
1063043
1063451
1063895
1064284
1064670
1065106
1065533
1065948
1066335
1066725
1067137
1067555
1067967
1068364
1068776
1069207
1069658
1070058
1070447
1070808
1071212
1071645
1072030
1072408
1072860
1073259
1073681
1074088
1074468
1074867
1075291
1075715
1076140
1076537
1076931
1077349
1077781
1078205
1078569
1078970
1079402
1079824
1080291
1080769
1081195
1081657
1082137
1082619
1083073
1083915
1084362
1084827
1085283
1085690
1086120
1086555
1087014
1087453
1087863
1088271
1088693
1089134
1089560
1089972
1090366
1090733
1091163
1091604
1092011
1092402
1092866
1093302
1093721
1094121
1094498
1094891
1095296
1095709
1096102
1096477
1096868
1097279
1097691
1098088
1098464
1098856
1099278
1099688
1100103
1100489
1100870
1101295
1101768
1102244
1102645
1103081
1103500
1103976
1104448
1104871
1105303
1105761
1106267
1106740
1107183
1107603
1108081
1108573
1109010
1109430
1109880
1110353
1110785
1111205
1111680
1112133
1112624
1113094
1113513
1113945
1114412
1114878
1115334
1115748
1116172
1116660
1117133
1117511
1117916
1118344
1118841
1119299
1119679
1120089
1120572
1121006
1121437
1121866
1122271
1122674
1123009
1123566
1124003
1124406
1124760
1125178
1125619
1126066
1126481
1126894
1127329
1127759
1128210
1129224
1129499
1129950
1130481
1130749
1131137
1131600
1131971
1132343
1132922
1133271
1133760
1134328
1134649
1135215
1135615
1136111
1136891
1137252
1137681
1138158
1138605
1138926
1139244
1139573
1140024
1140396
1140857
1141266
1141812
1142300
1142746
1143200
1143690
1144149
1144616
1145083
1145544
1145974
1146827
1147290
1147768
1148230
1148637
1149230
1149613
1149992
1150768
1151175
1151555
1151890
1152258
1152689
1153103
1153710
1154193
1154803
1155378
1155772
1156285
1156658
1157114
1157685
1158033
1158453
1158930
1159300
1159748
1160213
1160676
1161097
1161525
1161973
1162427
1162803
1163289
1163756
1164170
1164695
1165463
1166179
1166906
1167231
1167598
1167945
1168316
1168736
1169137
1169635
1170064
1170472
1170875
1171287
1171646
1172057
1172440
1173922
1174597
1175576
1176049
1176451
1176787
1177267
1177561
1177959
1178371
1178876
1179299
1179650
1180030
1180451
1180505
1180925
1181379
1181797
1182186
1182602
1183022
1183479
1184612
1184973
1185620
1186089
1186517
1187019
1187846
1188232
1188693
1189024
1189657
1190007
1190468
1190900
1191317
1191763
1192264
1192621
1192879
1193314
1193606
1193866
1194254
1194913
1195312
1195673
1196103
1196550
1196950
1197440
1197905
1198304
1198665
1199136
1199388
1199763
1200141
1200629
1201073
1201480
1201900
1202334
1202781
1203242
1203674
1204110
1204517
1204968
1205400
1205805
1206214
1206680
1207168
1207647
1208087
1208547
1208976
1209409
1209853
1210293
1210663
1211126
1211604
1212090
1212511
1212953
1213373
1213726
1214088
1214462
1214787
1215194
1215804
1216157
1216568
1217007
1217417
1217797
1218200
1218584
1218990
1219401
1219795
1220174
1220561
1220921
1221520
1221942
1222276
1222694
1223137
1223563
1223959
1224456
1224718
1225208
1225564
1225953
1226366
1226741
1227102
1227547
1227972
1228383
1228762
1229168
1229599
1230047
1230501
1230919
1231315
1231683
1232087
1232550
1232972
1233370
1233746
1234156
1234577
1235000
1235420
1235813
1236203
1236626
1237064
1237889
1238280
1238666
1239071
1239547
1239968
1240356
1240728
1241038
1241909
1242342
1242739
1243210
1243566
1244001
1244435
1244848
1245603
1245999
1246404
1246830
1247241
1247620
1247996
1248390
1248786
1249187
1249573
1249943
1250334
1250736
1251157
1251534
1251915
1252289
1252698
1253115
1253585
1254074
1254517
1254967
1255455
1255956
1256419
1256931
1257753
1258213
1258671
1259081
1259516
1259986
1260457
1260869
1261290
1261771
1262233
1262716
1263160
1263530
1263968
1264402
1264857
1265278
1265686
1266123
1266564
1267017
1267441
1267855
1268301
1268768
1269214
1269637
1270055
1270507
1271017
1271469
1271897
1272308
1272722
1273146
1273543
1274003
1274405
1274794
1275261
1275622
1275940
1276576
1276975
1277385
1277855
1278284
1278664
1279096
1279545
1280030
1280483
1280907
1281420
1281822
1282280
1282660
1283169
1283584
1283953
1284417
1284916
1285328
1285717
1286137
1286583
1287008
1287433
1287849
1288677
1289075
1289410
1289917
1290361
1290661
1290999
1291366
1291762
1292129
1292553
1293011
1293562
1294082
1294527
1295051
1295479
1295851
1296237
1296631
1297050
1297506
1297962
1298425
1298843
1299290
1299748
1300215
1300659
1301065
1301805
1302330
1302754
1303159
1303574
1303999
1304437
1304843
1305264
1305676
1306105
1306528
1306937
1307325
1307791
1308581
1309031
1309461
1309812
1310206
1310656
1311078
1311918
1312434
1312814
1313270
1313773
1314176
1314600
1314990
1315542
1315982
1316471
1317198
1317563
1318052
