426
426
447
377
377
480
469
383
521
267
262
262
292
339
363
343
414
436
349
267
399
324
458
373
312
330
278
527
541
392
439
404
483
596
490
262
252
517
478
517
479
554
491
311
326
258
466
476
410
446
399
388
333
536
319
542
697
344
389
312
330
408
307
320
269
318
345
340
519
407
274
360
300
318
284
471
449
469
313
375
476
439
315
373
518
384
453
465
418
548
287
329
359
282
308
305
442
335
323
529
440
390
414
437
344
324
341
341
374
375
318
382
426
359
525
416
501
474
330
352
492
315
438
303
393
378
378
377
613
572
461
427
360
310
394
349
453
279
377
295
309
339
261
348
439
650
384
434
275
393
414
420
458
394
396
391
515
432
527
504
527
473
580
283
346
263
428
342
353
306
302
337
341
335
401
677
613
394
403
307
412
420
324
303
495
412
348
418
416
408
276
307
316
519
574
276
277
269
274
276
299
316
302
383
296
318
322
306
333
356
415
406
806
779
443
273
335
267
276
304
417
261
396
353
338
365
283
375
325
267
353
303
337
302
322
327
412
303
270
277
291
395
270
306
269
368
305
251
304
390
453
336
335
373
465
459
515
424
462
361
273
284
334
297
267
253
274
532
432
344
333
423
439
504
335
377
374
307
355
311
595
365
441
552
518
468
508
464
496
508
442
543
498
355
486
493
337
389
313
428
338
310
378
281
333
408
475
493
351
313
271
357
342
264
486
357
302
342
260
431
425
277
391
354
385
507
572
429
470
410
406
311
311
306
410
492
502
594
450
255
315
260
300
288
414
356
398
302
533
342
410
455
343
335
263
315
269
329
324
274
296
421
259
266
387
257
271
523
321
393
273
279
270
302
318
341
783
1916
304
445
328
488
361
335
311
365
467
513
362
562
305
404
421
459
413
794
296
320
283
275
340
657
579
567
543
287
255
280
464
408
331
377
395
469
501
616
535
438
456
504
432
349
366
490
381
335
367
353
362
313
389
357
454
286
355
302
367
311
477
306
369
380
389
368
435
371
391
369
370
424
320
363
366
373
428
308
372
432
313
368
372
366
363
366
372
515
363
362
305
321
397
362
313
437
366
295
490
306
339
431
326
328
494
389
411
429
341
354
322
375
375
387
371
339
437
315
339
310
370
301
344
365
297
253
341
616
606
593
333
387
462
414
357
345
362
358
301
263
334
626
520
559
442
332
387
380
394
376
395
372
369
377
442
334
383
383
398
393
381
431
380
378
379
393
391
386
437
382
367
366
370
372
377
378
388
396
410
397
453
394
323
381
433
330
382
375
373
384
420
321
362
371
371
310
255
293
386
532
592
328
334
336
344
349
417
342
363
290
292
364
410
355
353
357
368
367
367
432
373
303
362
362
363
364
368
375
380
385
373
380
380
388
385
382
379
374
370
376
376
377
373
384
386
385
373
384
377
374
369
380
378
385
381
376
377
380
386
388
388
395
399
394
381
395
399
397
391
397
399
402
399
396
400
392
387
393
393
384
384
389
391
384
390
391
336
379
364
418
285
343
345
359
367
374
382
384
388
382
378
380
393
385
387
387
387
389
384
395
397
389
393
400
400
397
403
410
410
410
415
414
406
498
378
575
487
403
460
409
555
345
282
351
418
394
447
397
393
342
339
458
415
405
455
344
324
521
411
471
677
407
495
381
386
393
365
804
393
277
431
431
699
797
392
591
269
347
372
293
336
258
360
275
449
417
325
273
271
410
263
464
371
487
522
561
382
382
434
375
315
423
362
319
378
439
324
431
386
324
369
374
365
385
375
383
383
443
323
372
439
317
376
373
374
385
428
317
319
263
286
357
253
330
337
345
352
357
357
372
377
381
324
333
384
433
395
350
402
399
405
401
333
395
385
387
385
376
380
380
377
381
379
384
439
425
378
375
369
370
376
376
376
378
385
383
377
380
390
326
376
438
334
375
380
378
438
312
376
437
379
380
384
329
449
331
390
453
381
438
335
377
376
374
371
319
361
434
463
348
452
401
402
413
406
510
415
254
403
451
346
401
442
394
346
557
318
398
388
384
393
385
386
376
386
452
341
386
449
343
449
328
528
500
463
347
406
472
403
355
403
455
347
405
340
402
466
408
412
339
463
407
311
332
403
591
402
416
470
417
401
412
412
407
401
407
409
398
402
408
411
402
405
410
412
401
397
396
394
385
392
398
404
394
394
390
389
378
379
381
380
380
373
369
380
375
373
368
372
374
373
324
369
378
378
384
376
376
382
371
373
380
380
372
371
378
365
370
370
368
365
368
365
368
362
374
373
377
375
379
437
317
368
424
373
369
359
364
368
366
368
378
385
389
380
473
399
340
347
347
412
298
361
367
366
364
319
370
427
367
373
376
377
376
339
387
381
392
393
382
384
391
392
393
381
441
441
324
382
391
345
401
393
452
397
391
401
397
392
393
402
402
397
393
394
392
386
382
389
388
397
445
400
401
398
386
392
390
388
387
390
393
395
388
399
400
413
413
456
413
415
365
473
426
427
427
413
479
420
411
411
422
472
351
468
413
411
405
405
461
354
413
410
457
396
352
397
437
386
331
383
389
401
404
397
402
406
403
395
397
395
387
379
386
386
377
375
383
385
383
382
391
399
402
396
400
397
461
427
478
663
486
609
746
846
594
661
533
529
770
425
379
402
386
431
447
487
331
284
255
278
548
363
528
277
375
879
416
312
295
347
280
444
357
695
521
498
640
537
367
426
358
384
392
397
399
404
417
428
425
331
547
740
388
393
306
396
399
401
429
405
396
377
414
513
326
414
419
410
405
404
402
397
387
403
401
401
404
401
400
409
400
397
398
400
396
389
398
397
397
394
407
404
402
393
399
394
396
390
399
397
402
381
402
390
403
394
396
396
402
400
398
396
396
390
386
383
385
484
388
380
311
368
368
371
374
374
379
391
388
399
399
397
397
397
405
408
318
479
390
408
379
324
472
397
487
365
330
398
398
403
389
320
468
394
400
392
394
400
394
390
393
393
389
386
387
388
389
389
399
399
404
397
315
470
395
391
386
393
397
388
387
381
379
373
384
387
419
414
413
421
407
397
401
495
355
315
386
389
379
383
377
475
519
482
433
355
361
369
372
381
381
386
378
391
387
389
383
386
388
390
385
388
393
393
395
387
392
394
399
395
399
408
411
395
397
395
388
380
386
390
397
398
391
388
384
381
383
383
383
385
384
389
381
385
382
385
387
377
375
379
373
372
378
375
382
378
377
379
377
372
362
368
462
369
370
375
367
370
368
463
298
442
392
386
387
384
377
369
366
359
289
366
443
310
457
372
385
384
367
368
363
362
368
456
360
380
394
322
333
280
342
356
363
431
362
359
352
352
357
356
368
367
370
378
375
388
386
396
393
390
380
382
382
480
386
392
387
386
396
385
392
390
393
386
388
390
397
393
396
395
400
396
400
403
390
398
393
397
391
397
399
403
398
401
407
403
396
400
418
480
310
402
406
401
406
407
413
415
411
418
414
399
406
412
400
394
401
418
415
409
417
408
395
401
398
403
393
402
403
401
393
395
403
406
399
405
405
401
396
396
401
391
381
377
374
380
390
396
503
396
390
480
338
340
384
377
370
382
382
385
383
377
379
378
387
378
383
382
383
388
388
390
395
396
387
384
383
384
378
374
376
379
379
370
374
371
376
490
349
392
429
337
388
382
384
375
377
372
368
437
294
364
443
377
288
370
367
367
367
361
375
366
382
369
383
365
316
373
314
374
428
334
247
339
399
359
274
430
356
365
286
359
367
368
368
378
374
378
369
374
367
380
371
376
367
376
376
384
374
393
391
395
387
389
386
388
379
379
386
385
382
382
389
388
389
377
387
671
461
547
445
569
408
614
377
384
391
312
471
392
377
319
388
397
399
390
397
406
406
403
405
407
410
404
403
404
400
399
390
390
401
406
395
414
431
423
408
413
409
405
396
402
400
394
393
396
397
394
395
404
413
403
389
397
391
387
402
406
414
401
404
408
407
404
404
399
402
394
410
411
417
420
425
392
780
863
300
402
422
416
415
417
413
395
405
401
391
390
391
385
378
381
380
377
375
381
387
393
398
404
396
403
398
403
399
394
391
389
387
388
392
393
393
366
346
368
333
332
270
343
342
347
351
360
357
359
447
343
371
366
366
372
376
377
381
381
384
388
392
379
392
394
399
402
405
392
407
415
424
424
410
402
407
394
391
392
388
398
405
413
395
398
394
392
384
387
383
382
374
380
378
373
375
380
379
382
381
391
394
403
408
398
400
406
414
409
421
429
436
420
416
420
427
419
411
419
417
404
402
411
419
409
417
378
361
268
392
274
305
251
663
353
300
508
344
366
352
432
535
476
450
286
337
296
455
468
335
391
327
173
264
294
329
382
326
409
379
470
508
465
496
442
387
366
386
368
328
420
368
352
374
338
394
438
369
397
410
384
396
388
386
379
381
382
402
379
391
392
398
391
385
381
388
432
315
420
363
363
436
307
371
375
332
265
268
374
369
375
371
371
369
416
365
323
375
426
368
370
382
384
377
378
380
385
374
375
336
421
377
386
352
380
383
381
383
376
381
381
387
384
391
432
406
387
384
382
384
383
391
405
400
395
401
396
375
366
388
375
359
330
338
470
378
310
434
359
372
367
371
259
329
300
328
495
416
369
374
371
460
362
318
343
390
399
395
395
416
404
392
389
395
391
401
419
423
403
399
401
405
397
398
398
409
415
392
400
396
393
462
439
473
316
304
259
291
327
384
508
378
434
480
396
354
457
448
535
429
374
363
370
376
372
381
379
396
399
410
393
396
397
402
414
409
411
410
414
403
412
418
425
426
413
415
421
408
405
401
419
419
411
447
401
405
430
402
403
403
437
417
404
401
424
399
402
405
393
401
404
367
408
396
388
383
394
398
391
393
395
399
378
395
393
318
381
368
470
392
379
389
389
394
392
401
413
419
427
403
405
412
417
419
396
396
401
408
397
418
443
427
409
409
419
425
438
416
417
427
430
407
411
429
431
424
401
401
416
417
397
407
416
401
370
424
678
686
398
360
374
354
341
250
358
362
387
398
396
397
398
412
404
391
406
405
415
399
401
411
414
403
412
412
410
405
361
327
395
397
356
432
402
414
428
329
383
321
433
418
423
426
425
413
419
428
432
423
443
447
445
423
378
454
426
438
428
415
423
425
447
430
418
426
414
421
453
447
417
418
424
423
434
419
422
425
431
418
430
434
441
278
298
615
267
260
274
438
411
274
262
321
416
312
267
441
411
460
415
399
418
422
404
304
409
268
280
403
380
453
427
381
442
425
424
430
419
446
429
436
329
375
515
435
426
415
434
446
429
479
429
420
313
274
264
437
449
433
428
437
430
381
508
445
321
440
304
456
331
432
439
438
442
423
407
425
431
332
425
503
430
457
462
442
426
432
417
366
407
428
455
410
418
436
449
399
357
412
469
324
367
434
429
421
372
364
319
291
435
415
445
425
409
364
440
312
378
348
365
442
412
427
416
415
427
435
438
414
420
428
431
406
440
395
412
431
429
456
441
426
434
445
426
420
368
501
408
436
429
418
435
435
412
412
430
426
447
412
424
451
419
414
399
420
407
398
420
393
402
467
416
427
431
412
466
465
315
272
273
587
528
419
311
465
443
428
434
395
415
449
411
426
428
420
437
407
446
356
444
392
415
412
433
429
365
439
434
430
421
422
432
426
425
398
420
435
422
417
422
430
436
435
384
417
503
289
306
419
461
325
678
407
392
425
447
396
357
438
389
419
361
427
365
435
410
409
435
417
441
430
425
418
432
417
398
446
483
419
430
425
440
449
436
303
467
436
450
475
477
326
431
443
431
443
457
454
456
380
426
438
360
381
440
413
390
437
307
351
416
432
449
449
442
432
435
412
386
417
431
418
463
459
413
411
284
396
431
379
364
316
397
413
566
301
372
366
302
437
452
350
450
367
339
323
488
418
441
476
403
430
441
434
761
315
383
293
321
274
578
636
301
287
300
391
430
289
283
415
380
415
418
940
889
818
308
324
355
267
365
343
396
323
275
328
318
320
325
345
347
361
366
382
383
449
384
388
390
391
395
401
404
403
354
409
404
393
353
389
437
404
404
348
412
478
407
399
401
418
381
461
413
347
405
399
377
404
429
395
383
382
383
387
384
392
382
379
391
386
452
509
388
405
457
359
389
411
391
481
378
371
379
360
378
375
329
416
375
383
338
434
389
395
386
390
381
383
378
385
460
460
387
394
389
392
398
410
408
416
414
407
416
417
375
459
416
415
411
405
353
385
433
342
434
385
387
397
396
381
454
451
294
332
339
333
335
269
338
344
310
349
363
363
366
363
369
738
688
367
367
330
416
380
381
379
380
383
382
380
382
379
419
380
383
383
337
383
391
392
387
385
380
334
421
375
373
442
372
373
370
366
370
371
378
376
377
381
381
375
375
368
318
407
363
321
409
363
366
323
406
365
369
363
361
361
433
274
349
279
359
296
369
455
444
369
322
286
280
288
348
354
362
285
321
413
372
331
415
375
378
331
418
374
332
382
427
390
394
390
388
390
391
388
385
388
469
302
383
377
374
315
299
287
320
261
520
378
406
367
387
378
416
316
414
383
378
311
467
354
367
345
376
383
346
440
401
401
405
405
406
405
404
402
410
413
410
415
418
414
408
498
1110
518
477
919
341
632
392
467
396
299
275
321
287
394
473
498
630
641
477
487
413
403
521
468
471
485
314
441
302
314
387
403
402
404
408
417
404
399
395
396
396
398
397
403
407
408
403
412
408
400
404
399
394
383
386
386
390
456
394
394
391
390
389
391
389
384
390
387
385
387
260
301
269
260
294
299
303
327
418
370
368
367
366
366
415
371
369
377
375
378
379
376
369
418
322
323
335
330
337
343
353
354
361
372
373
326
417
374
369
368
365
371
370
374
373
371
325
423
369
371
375
374
309
372
379
431
341
387
388
387
390
384
371
376
370
306
258
311
294
304
322
347
317
318
319
451
381
379
447
309
378
376
373
372
378
374
332
428
386
471
303
381
377
309
367
436
365
319
440
385
401
416
410
412
408
312
390
382
382
380
470
763
389
389
457
427
385
380
389
362
375
331
417
362
373
371
360
368
374
370
374
328
422
374
373
332
367
503
331
375
430
386
394
384
386
388
395
393
397
406
403
409
482
336
415
415
408
485
416
340
403
405
493
402
332
544
326
402
406
406
419
341
423
401
487
406
395
400
400
402
396
403
472
305
387
387
389
387
388
399
402
392
475
398
383
437
474
391
385
471
388
390
308
463
319
397
391
470
392
312
390
388
336
483
309
399
353
385
434
395
394
477
477
391
328
316
386
389
348
343
418
451
678
267
305
801
663
482
515
397
330
380
327
269
252
371
410
424
340
356
337
353
313
406
358
318
421
336
419
344
432
376
381
381
378
387
388
385
405
406
405
402
409
494
308
393
398
322
282
398
381
389
392
383
374
428
307
253
254
315
433
442
454
394
261
426
330
374
421
374
386
476
318
407
406
392
325
350
442
350
437
397
402
397
402
501
417
427
424
418
265
295
256
323
331
283
254
403
415
325
412
409
336
393
324
463
384
394
467
389
394
424
466
392
396
388
391
473
396
589
434
386
382
381
381
386
390
381
389
379
339
434
388
362
268
299
394
354
366
462
387
304
396
392
397
387
391
388
391
474
395
395
477
414
323
408
490
330
306
437
451
484
462
201
292
271
275
419
295
350
369
342
410
306
496
442
441
440
598
264
370
316
437
370
448
571
530
461
583
490
436
449
313
568
412
379
354
268
344
372
349
282
393
596
378
548
296
272
280
305
345
399
402
333
333
362
422
389
390
529
435
445
