106
532
979
1753
2130
2610
3079
3462
4001
4563
4825
5087
5379
5677
6040
6383
6815
7251
7600
7867
8266
8590
9048
9421
9716
10046
10667
11194
11755
12147
12586
12990
13473
13690
14180
14755
15007
15818
16296
16813
17292
17846
18337
18633
18959
19217
19700
20176
20557
21003
22524
22912
23561
24097
24416
24639
25336
25680
26069
26381
26711
27119
27670
27990
28259
28577
28922
29262
29837
30524
30798
31158
31458
31776
32060
32961
33410
33942
34255
34614
35090
35529
35844
36217
36735
37119
37572
38037
38455
39003
39762
40091
40450
40751
41059
41364
41822
42157
42588
43117
43557
43947
44688
45125
45469
45793
46134
46475
46849
47224
47560
47942
48368
48727
49252
49804
50305
50779
51109
51461
51953
52268
52598
52901
53846
54224
54602
54979
55571
56143
56624
57051
57411
57721
58115
58464
59881
60775
61152
61447
61777
62116
62637
62985
63503
64153
64823
65257
65532
65925
66339
66759
67217
67611
68007
68398
68913
69345
69872
70376
70922
71395
71975
72677
73023
73286
73714
74056
74409
74715
75017
75354
75695
76030
76431
76721
77334
77707
78110
78417
78829
79249
79573
79876
80371
80763
81111
81529
81945
82353
82609
82916
83232
83506
84080
84644
84921
85190
85464
85763
86062
86378
86680
87063
87359
87677
87999
88305
88618
88974
89389
89795
90601
91380
91823
92096
92431
92698
92974
93278
93695
93956
94352
94705
95043
95408
95691
96066
96391
96658
97011
97619
97956
98258
98580
98907
99319
99639
99909
100186
100477
100847
101117
101423
101692
102060
102365
102616
102920
103310
103763
104099
104434
104807
105272
105731
106246
106670
107132
107506
107779
108063
108397
108677
108944
109197
109471
109729
110161
110505
110838
111261
111714
112218
112613
112990
113364
113629
113984
114295
114890
115631
116072
116603
117121
117609
118117
118566
119062
119570
120012
120555
121053
121749
122235
122746
123083
123472
123680
124108
124446
124756
125134
125415
125748
126156
126849
127342
127674
127987
128258
128678
129020
129284
129816
130173
130475
130834
131094
131503
131928
132205
132694
133048
133433
133744
134316
134745
135215
135625
136031
136342
136653
136959
137369
137877
138379
138994
139444
139565
139880
140140
140440
140728
141142
141498
141517
141819
142352
142711
143121
143597
143940
144275
144553
144868
145137
145466
145790
146064
146360
146801
147060
147326
147713
147970
148241
148701
149022
149415
149688
149967
150237
150539
150857
151198
152256
154577
154881
155326
155519
156007
156368
156703
157014
157379
157846
159007
159369
159931
160236
160640
161061
161520
161933
164150
164708
165028
165311
165586
165926
166583
167162
167583
168126
168764
169019
169299
169825
170233
170564
170941
171336
171805
172306
172922
173457
173895
174351
174855
175287
175529
175895
176385
176721
177056
177423
177776
178138
178451
178527
178884
179338
179624
179979
180281
180648
180959
181436
181708
182077
182457
182846
183214
183677
184048
184439
184713
185083
185507
185827
186190
186556
186929
187357
187665
188037
188469
188782
189150
189556
189922
190285
190651
191023
191507
191870
192232
192537
192858
193255
193617
193930
194649
195015
195310
195854
196160
196499
196930
197256
197611
198105
198494
198905
199334
199675
200029
200351
200726
201101
201488
201859
202198
202635
202950
203796
204106
204476
204777
205121
205486
205680
205933
206274
206586
207192
207785
208715
209102
209524
209938
210761
211106
211468
211826
212716
212979
213313
214527
215047
215606
216048
216821
217208
217615
218009
218777
219533
219905
220274
220651
221093
221427
221810
222193
222591
222984
223365
223796
224502
224880
225259
225652
226043
226429
226866
227554
227921
228287
228689
229061
229438
229816
230204
230600
231010
231407
231860
232254
232577
232958
233391
233689
234071
234446
234819
235203
235623
235944
236306
236707
237078
237388
237643
237936
238322
238854
239446
239801
240135
240471
240815
241164
241611
241953
242316
242606
242898
243262
243672
244027
244380
244709
245077
245842
246209
246641
247014
247317
247679
248041
248404
248768
249136
249511
249891
250276
250649
251029
251409
251797
252182
252564
252943
253696
254066
254442
254790
255167
255540
255924
256310
256723
257096
257480
257857
258231
258600
258980
259358
259716
260097
260473
260501
260881
261267
261655
262043
262438
262837
263231
263612
264007
264406
264803
265194
265591
265990
266392
266791
267187
267558
267950
268337
268730
269123
269535
269919
270308
270699
271083
271473
271889
272225
272631
272995
273413
273666
274009
274354
274713
275080
275454
275836
276220
276608
276990
277368
277776
278169
278554
278941
279328
279715
280104
280488
280859
281256
281645
282038
282438
282838
283235
283638
284048
284458
284868
285283
285697
286103
286629
287007
288059
288546
288949
289409
289792
291036
291381
291760
292111
292529
292923
293370
293767
294160
294535
294874
295332
295719
296124
296579
296923
297247
297768
298179
298624
299301
299743
300238
300540
300926
301319
302656
303737
304130
304407
304838
305269
305562
306359
306751
307587
307856
308203
308575
308868
309204
309462
309822
310097
310546
310963
311288
311508
311779
312189
312452
312916
313287
313843
314365
314926
315308
315661
316095
316864
317179
317602
317964
318283
318661
319100
319424
319855
320241
320594
320963
321337
321702
322087
322462
322845
323228
323671
323994
324366
324805
325122
325498
325871
326245
326630
327058
327721
328040
328303
328525
328882
329135
329465
329802
330147
330848
331205
331562
331934
332311
332692
333016
333812
334196
334629
335024
335374
335806
336205
336669
337070
337403
337825
338210
338597
338982
339358
339711
340091
340468
340849
341228
341612
342051
342773
343151
343500
343869
344239
344615
344991
345367
345745
346130
346539
346916
347296
347686
348012
348388
348826
349160
349562
349942
350320
350758
351070
351446
351857
352236
352616
353000
353329
353778
354109
354526
354979
355671
356109
356444
356850
357226
357600
357971
358290
358651
359085
359943
360291
360743
361144
361515
361928
362334
362844
363259
363513
363916
364367
364745
365146
365561
365955
366301
366888
367206
367889
368277
368687
369080
369465
369851
370227
370613
371065
371406
371792
372241
372584
373033
373361
373627
374127
374590
374937
375343
375815
376218
376573
376976
377431
377778
378183
378609
379011
379477
379885
380297
380636
381099
381828
382139
382507
382910
383501
383903
384319
384789
385206
385521
385933
386345
386752
387153
387560
387969
388367
388769
389177
389588
389990
390395
390805
391217
391618
392015
392411
392833
393218
393610
394008
394412
394806
395200
395590
395979
396357
396736
397117
397497
397877
398250
398619
398999
399374
399747
400115
400487
400515
400888
401212
401606
401984
402362
402746
403122
403498
403880
404628
405001
405381
405761
406133
406565
406943
407619
407989
408359
408727
409092
409460
409825
410193
410555
410929
411302
411679
412054
412433
412870
413187
413528
413952
414325
414694
415053
415417
415758
416124
416492
416870
417255
417644
418024
418497
418849
419829
420176
420523
420935
421233
421594
421961
422327
422719
423038
423408
423835
424202
424550
424926
425303
425679
426018
426845
427226
427618
428011
428393
428751
429142
429534
429927
430308
430721
431162
431486
431868
432259
432631
433032
433425
433877
434624
435015
435416
435813
436205
436598
437000
437402
437799
438192
438586
438978
439364
439746
440135
440523
440920
441365
441765
442166
442540
442926
443318
443708
444096
444483
444873
445266
445661
446049
446448
446820
447233
447646
448102
448549
448964
449329
449802
450228
450655
451082
451495
451918
452338
452664
453075
453497
453969
454320
454816
455229
455552
455957
456362
456823
457596
458009
458419
458876
459272
459624
460021
460458
460844
461559
461942
462331
462732
463136
463559
463961
464367
464770
465165
465562
465957
466344
466723
467109
467495
467872
468247
468630
469015
469398
469780
470171
470543
470945
471341
471741
472138
473828
474255
474733
475663
476149
476758
477504
478350
478761
479422
479955
480484
481254
481679
482058
482460
482808
483239
483642
484129
485646
485930
486185
486463
487011
487374
487902
488179
488554
489702
490118
490430
490725
491072
491352
491609
491966
492595
493116
493614
494610
495147
495514
495940
496298
496682
497074
497471
497503
497907
498324
498752
499177
500533
501080
502521
502909
503302
503608
504004
504403
504851
505280
505685
506081
506458
506872
507385
507711
508125
508544
508954
509359
509717
510119
510560
510947
511350
511751
512152
512556
512957
513357
513722
514122
514519
514917
515317
515713
516102
516500
516897
517294
517688
518095
518499
518901
519294
519693
520087
520483
520873
521272
521669
522071
522501
522903
523293
523696
524090
524486
524837
525239
525639
526037
526433
526829
527219
527605
527988
528373
528857
529556
529936
530247
530646
531014
531385
531759
532133
532512
532903
533291
533690
534089
534486
534530
534927
535332
535740
536058
536537
536927
537335
537714
538038
538510
538907
539394
539734
540064
540462
540505
540908
541297
541617
542085
542479
542835
543227
543668
544068
544462
544808
545201
545637
546026
546747
547134
547565
547954
548343
548742
549141
549545
549942
550257
550727
551122
551513
551899
552292
552646
553034
553421
553802
554181
554554
554938
555325
555787
556201
556614
557035
557442
557789
558190
558685
559040
559355
559785
560174
560511
560894
561271
561826
562345
562716
563149
563751
564112
564481
564853
565234
565615
566001
566379
566770
567157
567546
567929
568315
568703
569093
569478
569522
569915
570308
570703
571090
571482
571834
572233
572628
573027
573435
573846
574241
574677
575072
575460
575795
576181
576571
576968
577366
577757
578145
578571
578952
579335
579718
580101
580825
581209
581598
581979
582364
582746
583131
583518
583895
584270
584649
585022
585394
585772
586147
586529
586907
587284
587663
588040
588782
589144
589512
589974
590610
590980
591355
591722
592092
592460
592923
593522
593964
594356
594695
595082
595466
595843
596620
596986
597345
597634
598000
598443
598753
599210
599582
599967
600351
600675
601043
601406
601768
602136
602592
602952
603332
603563
603885
604218
604498
604840
605196
605559
605990
606352
606711
607063
607415
607772
608128
608818
609185
609555
609933
610308
610696
611082
611478
611871
612261
612641
613023
613405
613885
614592
614984
615706
616092
616488
616873
617265
617655
618048
618434
618822
619212
619609
620002
620398
620793
621193
621589
621989
622392
622782
623180
623573
623970
624361
624758
625157
625560
625958
626359
626810
627213
627609
628009
628427
628907
629217
629619
630025
630426
630787
631194
631652
632067
632478
632896
633310
633660
634066
634478
634878
635272
635673
636091
636550
636959
637376
637737
638132
638533
638931
639334
639727
640129
640532
640933
641326
641721
642124
642530
642929
643334
643739
644140
644536
644932
645333
645770
646151
646863
647237
647617
648007
648403
648906
649637
650027
650507
650845
651185
651569
651946
652316
652657
653039
653424
653848
654225
654561
654939
655326
655704
656087
656469
656512
656900
657635
658025
658420
658816
659203
659587
659970
660354
660732
661106
661482
661861
662240
662610
662984
663355
663731
664221
664548
664940
665369
665706
666094
666476
666818
667193
667570
667942
668310
668715
669009
669373
669816
670193
670481
670513
670880
671247
671614
671975
672350
672716
673098
673467
673850
674215
674531
674904
675218
675631
676059
676393
676640
676979
677378
677737
678011
678441
678797
679162
679448
679521
679888
680579
680947
681325
681699
682077
682446
682820
683187
683567
683938
684314
684681
685057
685433
685862
686236
686591
686982
687377
687764
688153
688583
688971
689350
689684
690070
690455
690837
691219
691608
691996
692385
692762
693149
695078
695934
696481
696888
697457
697865
698479
698527
698911
699302
699558
700029
700421
700798
701117
701585
701982
702381
702771
703168
703574
703980
704383
704788
705195
705605
706009
706412
706766
707166
707611
708001
708391
708792
709198
709593
710007
710438
710861
711269
711637
712046
712451
712847
713249
713692
714086
714479
714829
715226
715620
716015
716419
716876
717279
717668
718065
718456
718843
719245
719611
720025
720426
720830
721238
721645
722049
722453
722852
723254
723648
724058
724469
724886
725306
725731
726123
726558
727421
727721
728123
728545
728961
729376
729793
730206
730601
731006
731407
731798
732188
732536
732921
733299
733680
734060
734437
734812
735193
735580
735973
736371
736775
737171
737574
737972
738375
738819
739213
739604
739993
740380
740768
741160
741553
741946
742312
742658
743026
743359
743691
743961
744304
744646
744993
745344
745704
746061
746420
746867
747210
747544
747910
748276
748648
749024
749401
749782
750163
750591
750979
751371
751707
752099
752493
752892
753294
753699
754091
754498
754913
755337
755806
756216
756618
757025
757763
758154
758546
758934
759332
759737
760150
760545
760943
761337
761729
762113
762500
762883
763265
763639
764019
764397
764770
765145
765525
765904
766286
766667
767058
767452
767899
768307
768705
769105
769511
769925
770334
770710
771139
771575
771995
772411
772875
773302
773721
774132
774505
774922
775326
775728
776139
776601
777010
777427
778860
779605
779873
780265
780557
780862
781113
781957
782833
783133
783998
784342
784539
784891
785323
785815
786719
787169
787730
788067
788363
788853
789321
789656
790047
790374
790547
790811
791105
791434
791722
792048
792457
792836
793306
793554
794019
794515
794957
795678
796044
796430
796798
797126
797523
797891
798243
798584
798922
799316
799754
800123
800520
800930
801314
801710
802098
802484
802863
803244
803592
803994
804373
804764
805156
805554
805945
806330
806711
807099
807882
808197
808602
808965
809328
809764
810071
810442
810817
811149
811669
811937
812311
812680
813055
813426
813797
814166
814897
815262
815585
815960
816386
816779
817149
817531
817915
818292
818670
819050
819435
819809
820184
820520
820941
821318
821704
822056
822507
822890
823271
823654
824030
824411
824792
825531
825915
826653
827085
827531
827918
828302
828684
829068
829451
829842
830247
830647
831042
831443
831839
832214
832580
832968
833343
833702
834032
834370
834840
835218
835528
835962
836321
836693
837060
837431
837501
837830
838130
838458
838804
839220
839613
839987
840358
840818
841180
841498
841841
842231
842702
843097
843492
843908
844312
844704
845093
845488
845879
846280
846699
847122
847525
847924
848325
848699
849096
849494
849526
849935
850350
850742
851142
851538
851931
852393
852832
853305
853540
853844
854103
854394
854721
855105
855572
855950
856384
856864
857260
857614
858071
858922
859457
859886
860588
860951
861321
861697
862069
862450
862862
863258
863657
864067
864460
864856
865253
865655
866069
866478
866889
867299
867713
868116
868528
868946
869371
869797
870210
870625
871046
871454
871859
872260
872679
873098
873551
873998
874399
874804
875234
875562
875965
876368
876769
877186
877590
877991
878415
878742
879144
879549
879942
880343
880747
881506
881914
882310
882698
883081
883475
883873
884264
884657
885052
885451
885829
886224
886658
886976
887357
887725
888195
888514
888893
889282
889671
890065
890457
890893
891306
891725
892152
892555
892960
893372
893789
894208
894604
895000
895401
895809
896206
896624
897067
897494
897903
898312
898731
899156
899594
900010
900427
900854
901284
901691
902102
902576
903007
903431
903832
904233
904649
905066
905463
905830
906246
906647
907017
907441
908048
909042
909840
910200
910540
910894
911235
911610
911968
912330
912717
913115
913511
913908
914306
914718
915122
915513
915919
916324
916739
917138
917539
917950
918364
918767
919179
919591
920001
920406
920767
921094
922831
923228
923625
924057
924459
924873
925301
925630
926013
926519
926952
927370
927793
928219
928644
929057
929476
929904
930336
930759
931202
931691
932136
932559
932937
933391
933774
934212
934640
935055
935478
935903
936350
936780
937198
937669
938083
938904
939357
939804
940221
940639
941063
941486
941920
942339
942716
943141
943572
943990
944420
944854
945295
945765
946063
947040
947682
947942
948216
948697
949108
949758
950020
950341
950799
951111
951378
951625
952036
952934
953349
953748
954166
954588
954992
955296
955705
955973
956253
956656
957036
957489
957916
958297
958739
959164
959588
960018
960437
960883
961312
961748
962077
962452
962967
963402
963828
964243
964677
965123
965890
966369
966798
967218
967637
967911
968175
968554
969003
969436
969864
970301
970686
971067
971981
972426
972809
973249
973747
974203
974599
975031
975470
975515
975957
976380
976787
977212
977709
978041
978466
978511
978941
979398
979860
980302
980728
981160
981577
981943
982350
982778
983233
983643
984061
984497
984946
985345
985702
986114
986958
987282
987649
988083
988512
988933
989305
989638
989957
990248
990683
991098
991543
991968
992377
992741
993181
993493
993624
993972
994337
994779
995191
995618
996034
996449
996876
997311
997749
998163
998630
999058
999489
999895
1000711
1001106
1001518
1001949
1002378
1002834
1003275
1003701
1004135
1004580
1005006
1005426
1005794
1006295
1006703
1007139
1007568
1007986
1008421
1008856
1009268
1009680
1010110
1010536
1010983
1011395
1011819
1012270
1012689
1013103
1013502
1013922
1014758
1015156
1015531
1015924
1016326
1016793
1017209
1017636
1018067
1018479
1018945
1019410
1019725
1019997
1020270
1020584
1021112
1021852
1022163
1022628
1023071
1023499
1023550
1023945
1024360
1024809
1025220
1025646
1026074
1026494
1026931
1027338
1027784
1028140
1028584
1028976
1029391
1029803
1030236
1030665
1031030
1031469
1031903
1032333
1032754
1033176
1033608
1034034
1034459
1034857
1035277
1035712
1036134
1036551
1036973
1037403
1037839
1038604
1038988
1039906
1040409
1040774
1041080
1041499
1041960
1042285
1042963
1043578
1043970
1044395
1044842
1045238
1045595
1046033
1046422
1046841
1047202
1047629
1047994
1048429
1048839
1049248
1049683
1050100
1050541
1050971
1051396
1051814
1052246
1052663
1053061
1053507
1053990
1054409
1054839
1055264
1055704
1056153
1056589
1056892
1057359
1057771
1058221
1058696
1059173
1059499
1059544
1059987
1060418
1060861
1061318
1061772
1062228
1062608
1063034
1063472
1063832
1064213
1064724
1065137
1065859
1066296
1066798
1067149
1067565
1067997
1068446
1068895
1069337
1069769
1070204
1070616
1071002
1071419
1071850
1072268
1072682
1073141
1073554
1073965
1074613
1075009
1075440
1075863
1076227
1076543
1076940
1077353
1077919
1078220
1078592
1078958
1079260
1079552
1080004
1080354
1080856
1081223
1081562
1081885
1082373
1082791
1083232
1083754
1084157
1084587
1085028
1085462
1086522
1086837
1087220
1087513
1087834
1088108
1088686
1089322
1089570
1089857
1090157
1090548
1090978
1091267
1091550
1091965
1092345
1092760
1093178
1094118
1095007
1095825
1096793
1097117
1097472
1097739
1098104
1098447
1098843
1099166
1099441
1099806
1100124
1100444
1100742
1101087
1101434
1101795
1102161
1102543
1102926
1103375
1103712
1104100
1104490
1104881
1105276
1105677
1106081
1106484
1106838
1107247
1107651
1108044
1108397
1108786
1109223
1109666
1110070
1110418
1110830
1111308
1111671
1112070
1112471
1112889
1113270
1113731
1114144
1114534
1114939
1115338
1115715
1116119
1116548
1116943
1117326
1117669
1118052
1118439
1118823
1119215
1119637
1120016
1120407
1120793
1121245
1121754
1122142
1122887
1123344
1123703
1124092
1124811
1125202
1125683
1126788
1127159
1127538
1127898
1128276
1128651
1128980
1129396
1129771
1130154
1130492
1130926
1131315
1131710
1132096
1132486
1132867
1133250
1133602
1133987
1134447
1134946
1135565
1135959
1136348
1136740
1137138
1137548
1137956
1138372
1138786
1139193
1139609
1140026
1140401
1140860
1141276
1141691
1142102
1142507
1142860
1143245
1143678
1144020
1144454
1144839
1145226
1145623
1146019
1146400
1146826
1147277
1147571
1147903
1148242
1148575
1148910
1149179
1149545
1149889
1150199
1150632
1150995
1151358
1151724
1152087
1152456
1152786
1153474
1153520
1153887
1154217
1154633
1155013
1155394
1155815
1156195
1156578
1156960
1157340
1157722
1158101
1158809
1159189
1159572
1159955
1160292
1160720
1161111
1161544
1161931
1162316
1162656
1162990
1163411
1163827
1164200
1164642
1165014
1165387
1165638
1166004
1166374
1166745
1167123
1167499
1167876
1168257
1168638
1169013
1169388
1169756
1170074
1170481
1170844
1171165
1171574
1171937
1172303
1172626
1173032
1173397
1173766
1174129
1174490
1174851
1175284
1175658
1176007
1176286
1176645
1176941
1177310
1177791
1178235
1178821
1179143
1179659
1179939
1180227
1180645
1180999
1181361
1181685
1182006
1182419
1182791
1183122
1183537
1183912
1184290
1184621
1185039
1185413
1185745
1186127
1186554
1186944
1187338
1187728
1188116
1188547
1188938
1189326
1189670
1190058
1190567
1190869
1191252
1191629
1192003
1192318
1192599
1192886
1193206
1193467
1193987
1194667
1195073
1195440
1195827
1196205
1196597
1196913
1197327
1197710
1198088
1198399
1198889
1199243
1199610
1199955
1200628
1201011
1201357
1201797
1202198
1202599
1203004
1203409
1203856
1204261
1204665
1205067
1205477
1205890
1206300
1206675
1207093
1207507
1207915
1208413
1209849
1210367
1210844
1211763
1212104
1212775
1213167
1213634
1214030
1214583
1214858
1215179
1215466
1215614
1216087
1216585
1217215
1217888
1218365
1218852
1219265
1219668
1220189
1220657
1221128
1221818
1222132
1222662
1222964
1223278
1223692
1224095
1224497
1224541
1224949
1225366
1225770
1226169
1226564
1226960
1227356
1227754
1228151
1228554
1228961
1229369
1229728
1230140
1230548
1230948
1231352
1231794
1232188
1232571
1232957
1233343
1233733
1234189
1234854
1235248
1235639
1236029
1236418
1236809
1237198
1237582
1237972
1238359
1238744
1239131
1239627
1239928
1240197
1240457
1240751
1241050
1241353
1241707
1242125
1242495
1242535
1242902
1243268
1243547
1243962
1244333
1244702
1245079
1245454
1245832
1246211
1246559
1246928
1247346
1247668
1247991
1248326
1248616
1248953
1249296
1249691
1250045
1250406
1250737
1251110
1251436
1251853
1252227
1252636
1253004
1253369
1253740
1254110
1254484
1254857
1255228
1255514
1255937
1256306
1256719
1257094
1257468
1257777
1258149
1258509
1258940
1259281
1259715
1260103
1260490
1260532
1260916
1261668
1262044
1262414
1262631
1262889
1263200
1263494
1263534
1263856
1264203
1264779
1265097
1265416
1265867
1266248
1266627
1267074
1267383
1267719
1268095
1268468
1268840
1269218
1269592
1269924
1270352
1270738
1271209
1271544
1271925
1272302
1272611
1272978
1273414
1273739
1274058
1274586
1274971
1275372
1275788
1276198
1276582
1276990
1277735
1278125
1278507
1278889
1279608
1280078
1280841
1281575
1281964
1282421
1282690
1283075
1283455
1283844
1284206
1284581
1284912
1285329
1285691
1286064
1286435
1286795
1287163
1287537
1287907
1288281
1288609
1289031
1289405
1289751
1290083
1290450
1290975
1291592
1291967
1292397
1292783
1293177
1293561
1293947
1294335
1294730
1295123
1295520
1295926
1296329
1296782
1297264
1297600
1298015
1298430
1298838
1299323
1299739
1300079
1300482
1300848
1301341
1301695
1302027
1302571
1302897
1303299
1303664
1304070
1304610
1304951
1305374
1305775
1306262
1306637
1307032
1307432
1307786
1308188
1308584
1308987
1309459
1309734
1310121
1310508
1310897
1311284
1311714
1312113
1312515
1312907
1313382
1313780
1314163
1314839
1315313
1315623
1316008
1316479
1316867
1317257
1317591
1318054
1318373
1318770
1319161
1319631
1320023
1320335
1320725
1321113
1321449
1321959
1322268
1322667
1323020
1323405
1323839
1324234
1324628
1325105
1325543
1325934
1326262
1326656
1327042
1327431
1327734
1328077
1328879
1329330
1329893
1330160
1330465
1330961
1331624
1332106
1332684
1333081
1333411
1334646
1334973
1335242
1335494
1335865
1336275
1336699
1337039
1337395
1337732
1338085
1338398
1338804
1339162
1339480
1339901
1340237
1340656
1341000
1341432
1341808
1342189
1342615
1342993
1343380
1343768
1344153
1344558
1344964
1345369
1345771
1346180
1346674
1346982
1347375
1347773
1348095
1348377
1348631
1349012
1349401
1349793
1350176
1350775
1351203
1351551
1351804
1352058
1352373
1352806
1353248
1353625
1354019
1354506
1354932
1355262
1355636
1356057
1356431
1356866
1357342
1357660
1358067
1358473
1358865
1359190
1359566
1360008
1360358
1360795
1361192
1361594
1361991
1362393
1362894
1363311
1363766
1364190
1364608
1364873
1365168
1365424
1365747
1366078
1366361
1366615
1367018
1367433
1367791
1368203
1368641
1368977
1369370
1369694
1370157
1370506
1370900
1371367
1371756
1372150
1372809
1373275
1373667
1374063
1374451
1374842
1375315
1375711
1376300
1376758
1377144
1377526
1377907
1378288
1378674
1379064
1379445
1379834
1380213
1380552
1380986
1381374
1381777
1382045
1382344
1382738
1383092
1383458
1383947
1384334
1384638
1385034
1385426
1385862
1386249
1386600
1386988
1387379
1387853
1388248
1388591
1389068
1389482
1389805
1390213
1390703
1391033
1391339
1391752
1392203
1392687
1393149
1395510
1395802
1396073
1396348
1396823
1397118
1397468
1397837
1398725
1399135
1399441
1399937
1400903
1401344
1401819
1402417
1402728
1403098
1403414
1403851
1404221
1404669
1405240
1405770
1406231
1406814
1407897
1408333
1409769
1410082
1410650
1411800
1412179
1412533
1412801
1413145
1413517
1413866
1414148
1414541
1416506
1416884
1417432
1417525
1417797
1418077
1418382
1418727
1419126
1419528
1419861
1420194
1420572
1420994
1421383
1421760
1422775
1423210
1423909
