663
663
320
320
588
518
337
272
295
328
357
334
376
489
535
484
548
451
561
457
536
484
486
324
464
366
328
359
313
499
317
267
573
633
298
307
352
254
296
275
274
345
342
268
312
664
486
530
443
276
431
276
398
404
306
334
318
313
414
281
257
235
266
324
284
258
254
315
308
292
282
463
445
470
484
484
471
398
416
494
455
383
560
522
465
565
364
263
282
308
464
418
452
423
421
479
513
662
745
282
410
340
450
317
288
328
515
456
397
473
404
450
550
463
326
331
319
445
452
455
434
356
360
328
623
502
793
280
330
253
315
375
299
328
457
377
443
302
319
535
451
446
436
479
451
519
497
310
382
452
350
403
403
481
401
388
413
411
364
330
275
259
287
279
339
375
401
256
272
455
426
523
409
342
343
299
391
458
530
280
254
286
279
305
330
460
399
324
738
325
345
395
390
409
1234
359
272
271
330
460
407
411
431
529
451
315
648
403
302
472
773
489
395
831
625
451
348
376
395
385
388
414
429
402
414
447
423
441
439
426
442
450
419
409
430
408
411
430
423
408
415
436
423
427
422
427
410
411
428
425
416
436
431
418
429
435
419
420
432
434
411
426
424
421
429
424
411
425
432
410
415
430
422
411
430
432
419
437
442
425
426
438
427
425
433
414
413
441
444
426
417
453
444
431
450
453
441
440
454
463
450
442
473
453
449
468
464
450
475
468
443
460
460
440
447
450
438
457
449
441
464
445
435
447
435
431
446
425
446
438
431
458
451
438
452
442
441
456
445
443
459
448
446
449
440
450
461
442
453
467
454
459
464
456
480
461
459
488
460
462
476
474
460
476
466
457
482
466
470
460
462
472
461
475
468
450
472
459
464
473
467
452
461
456
445
452
448
442
454
450
446
456
455
450
457
457
442
447
459
449
456
458
456
459
459
452
456
477
460
471
469
464
458
475
461
455
465
448
453
467
458
447
464
453
455
455
448
455
461
452
465
460
446
454
414
420
434
432
428
444
442
439
445
446
434
430
441
441
435
443
433
428
428
427
423
435
442
440
456
465
453
467
458
458
476
462
472
457
448
470
464
482
465
460
479
455
461
461
456
458
461
437
439
445
441
435
450
450
447
448
443
447
450
441
457
452
450
461
436
441
452
438
449
456
449
459
459
455
451
456
449
449
445
437
445
437
436
449
448
437
447
449
438
442
455
447
442
463
455
444
451
449
442
459
465
453
461
454
454
456
461
453
456
449
446
452
451
441
446
461
453
435
434
455
461
451
474
451
450
460
443
458
459
451
477
463
462
469
457
461
453
444
466
463
454
474
455
465
452
463
449
461
464
446
453
446
443
453
450
448
453
450
452
438
432
444
440
430
452
447
453
453
444
439
464
448
443
458
446
445
459
445
443
454
445
451
459
442
451
456
444
460
440
454
450
451
464
471
456
479
467
460
472
457
466
463
461
472
460
462
473
461
468
457
448
400
432
457
474
452
461
472
475
479
483
477
489
465
475
472
459
468
444
451
454
453
444
459
448
453
469
455
462
443
452
445
448
453
450
467
451
472
452
453
462
456
462
440
453
467
449
442
436
448
439
354
351
344
302
452
442
447
436
443
445
432
439
438
444
438
435
447
447
455
457
447
441
445
438
436
431
456
442
447
444
432
441
438
436
435
455
440
431
437
435
425
435
446
433
430
428
430
428
431
425
425
420
410
423
420
415
425
425
424
432
430
424
343
339
419
374
367
387
413
426
410
393
380
394
399
396
405
417
416
416
417
408
409
431
418
424
425
425
436
421
425
421
415
417
411
412
406
408
406
403
412
416
414
399
388
397
395
363
341
344
335
346
375
401
396
417
428
417
438
528
340
404
401
420
415
424
449
433
426
445
428
417
424
411
408
427
431
431
431
425
435
432
430
440
431
437
435
440
427
434
438
439
438
434
431
431
440
439
436
434
442
430
436
440
436
440
444
445
450
448
436
444
445
464
433
445
452
431
454
438
448
458
440
447
447
435
453
441
440
450
441
441
341
410
279
450
451
463
463
451
451
458
459
445
457
459
471
471
457
459
446
449
457
453
473
455
449
460
460
455
436
456
462
526
535
790
416
393
632
575
498
557
367
378
290
258
297
310
558
311
341
691
367
446
304
449
284
615
378
378
595
308
526
421
431
385
436
430
432
451
451
455
433
448
446
435
435
437
417
433
437
441
435
435
434
423
445
438
438
442
439
436
439
445
442
437
428
423
416
423
429
453
459
460
465
472
461
460
469
468
468
472
459
462
476
478
471
464
466
465
460
456
447
430
435
459
455
455
453
460
449
448
441
446
579
395
331
437
279
454
354
283
376
478
321
405
287
313
405
341
437
482
437
430
467
568
467
332
414
297
323
286
280
337
259
379
432
342
370
416
446
305
437
402
452
509
467
468
463
447
456
476
450
448
366
346
350
451
445
407
508
451
447
457
458
441
432
445
441
439
452
444
448
452
443
449
455
452
444
435
448
441
435
443
498
253
371
366
373
381
400
407
409
415
422
421
410
408
427
435
424
429
431
437
438
428
434
436
442
431
435
441
440
437
441
439
428
423
425
425
419
427
425
427
419
413
410
416
433
428
415
424
431
427
427
435
444
442
432
436
435
449
454
454
449
437
435
445
452
438
440
431
423
427
435
420
419
433
435
437
426
415
414
419
425
420
417
426
419
407
416
435
433
423
429
446
442
432
433
436
431
418
421
442
443
425
416
421
434
430
429
436
448
443
431
438
448
447
436
434
431
433
429
421
426
436
431
425
420
417
426
428
428
433
443
439
436
433
429
416
382
414
432
431
422
428
432
447
454
455
473
483
473
475
479
465
458
467
468
451
455
461
454
452
445
437
446
455
447
450
451
453
444
454
459
453
451
452
440
448
450
443
447
451
450
456
459
448
436
430
436
444
451
448
438
435
434
432
431
423
423
423
432
420
415
419
422
426
427
418
420
433
429
430
449
445
427
434
437
441
444
429
429
420
430
440
440
439
453
446
432
427
430
429
423
432
427
445
456
459
442
434
439
456
435
437
430
435
429
433
438
438
440
431
433
429
434
438
435
435
435
432
425
420
421
415
409
407
415
424
428
419
411
417
421
433
427
424
417
412
412
417
426
430
434
438
431
449
447
441
434
401
412
422
422
425
423
428
435
452
455
439
429
418
424
418
431
426
432
437
429
426
433
424
431
434
431
417
420
413
404
384
407
358
406
407
408
412
423
439
444
456
463
459
466
466
465
475
458
450
440
449
440
439
428
419
414
404
421
435
427
431
431
438
433
443
449
468
465
457
459
467
447
447
453
458
455
445
445
448
454
456
447
441
437
430
429
446
445
441
445
442
433
434
431
432
430
438
417
427
432
429
439
448
439
428
428
438
432
436
427
432
426
427
425
422
442
441
437
431
415
405
397
407
426
424
441
441
443
435
429
421
427
426
422
427
424
428
428
424
426
435
426
428
423
419
427
438
432
434
429
415
409
402
394
431
441
433
428
426
431
429
429
431
449
445
448
460
453
440
441
444
445
446
439
435
436
435
446
452
445
440
433
449
451
446
455
455
447
451
438
440
434
416
422
443
445
600
727
459
513
392
296
272
1076
321
426
411
270
274
473
307
287
302
429
453
468
466
457
459
452
450
462
470
462
451
407
417
451
473
487
485
443
397
398
417
434
440
417
401
416
441
447
455
437
455
305
383
312
456
320
384
370
428
353
357
370
390
442
456
463
461
432
418
430
425
429
416
404
419
439
443
423
399
404
412
422
435
421
412
430
436
433
434
415
410
431
444
414
393
384
403
419
443
438
421
403
408
413
422
419
409
420
428
434
421
394
381
440
608
423
449
455
461
464
459
463
459
456
448
454
450
448
445
438
438
432
396
471
429
294
417
317
477
627
647
386
491
259
328
263
395
384
830
705
838
1201
406
424
434
419
428
443
444
430
436
440
339
298
384
292
429
417
423
412
417
411
496
420
403
391
408
432
440
441
420
414
424
444
445
448
463
464
439
417
407
446
459
454
451
452
450
447
431
426
431
440
443
453
448
459
449
450
417
407
400
391
429
473
474
465
461
457
445
444
444
461
451
449
459
440
441
442
435
450
457
459
447
447
437
447
451
427
417
431
458
455
455
433
413
423
440
449
431
413
389
376
368
403
435
444
447
442
439
433
429
435
434
433
426
425
443
450
446
451
427
406
400
411
433
452
447
431
442
445
451
419
438
450
448
442
441
451
459
456
442
426
435
459
446
434
430
435
447
451
427
443
441
401
411
420
433
445
431
411
412
431
441
434
415
405
417
423
423
414
392
416
440
432
406
416
416
423
425
409
422
421
406
390
387
397
396
400
393
394
400
401
388
399
403
394
340
345
354
376
415
424
399
402
409
414
409
391
406
430
439
428
447
464
449
450
459
453
428
437
442
444
429
440
437
419
406
428
450
445
430
437
432
422
405
396
412
422
433
419
417
442
443
419
418
421
426
434
438
454
436
422
446
464
468
439
435
450
469
450
473
468
465
431
443
441
446
429
437
430
432
405
393
407
329
374
311
448
449
268
340
329
473
468
447
456
461
457
446
459
467
467
443
442
439
433
419
419
424
429
415
435
445
443
434
444
456
446
427
436
432
436
417
416
416
415
403
426
452
437
457
445
418
417
411
410
406
415
426
446
457
468
477
471
482
474
467
468
442
454
435
425
436
421
392
369
362
368
406
420
415
411
437
463
444
433
441
434
423
419
407
411
406
401
398
409
406
395
384
390
394
392
384
391
400
388
384
381
386
371
368
375
382
375
372
507
459
345
340
341
443
390
406
398
380
397
399
402
399
402
408
416
400
412
414
410
405
400
410
412
402
395
413
404
407
407
406
389
399
354
419
389
414
422
431
415
428
426
420
421
420
424
413
403
422
432
432
409
420
416
420
413
404
411
408
406
400
386
405
414
417
414
399
395
398
403
404
391
390
408
417
422
407
402
403
410
427
414
409
414
420
409
405
421
432
423
403
405
360
426
313
464
306
255
284
342
445
446
458
432
429
438
442
442
423
451
457
452
434
443
435
435
426
440
437
442
434
448
439
447
458
448
442
432
407
436
458
460
462
446
427
436
429
419
420
448
429
400
398
415
446
459
432
726
507
469
328
598
567
353
255
341
268
452
263
309
311
322
330
341
338
334
325
330
342
350
384
411
421
409
436
432
451
425
298
707
329
351
349
355
459
358
351
286
374
383
387
374
384
404
396
417
420
413
410
409
405
424
420
410
412
410
378
385
377
400
406
398
400
421
424
409
418
420
421
421
428
399
390
393
420
433
425
410
406
415
421
417
416
398
391
417
414
407
406
387
394
419
425
422
415
395
409
412
406
404
391
390
405
412
416
421
414
419
420
410
405
411
426
438
423
404
408
412
414
408
415
409
402
429
425
462
427
409
409
406
401
395
390
395
398
393
381
452
380
317
414
410
405
399
403
393
377
375
380
385
381
349
344
337
344
349
354
371
392
391
379
385
362
397
398
390
393
395
399
398
398
387
387
400
409
407
395
398
407
412
399
400
401
400
400
401
407
398
392
400
405
402
392
374
366
483
409
410
410
412
408
410
400
410
432
427
411
418
422
435
428
426
420
411
400
396
397
402
406
409
406
406
411
431
437
420
406
403
413
415
415
409
422
422
422
411
416
421
418
414
404
403
418
408
398
395
409
416
415
412
422
430
430
433
416
410
417
417
421
410
404
426
439
430
427
492
408
425
436
427
418
404
398
440
437
430
423
406
417
436
436
432
415
395
378
396
436
447
436
436
438
433
429
430
448
443
425
420
411
427
441
441
443
444
431
426
492
413
321
441
452
452
440
430
424
428
429
415
491
402
442
438
437
427
417
416
405
398
399
414
417
425
438
433
423
434
425
412
411
418
424
421
421
421
420
425
424
414
404
400
408
412
410
407
409
418
425
417
411
427
429
416
405
401
401
403
395
396
387
402
404
401
394
404
413
411
405
409
407
399
397
401
424
428
422
417
415
419
425
425
415
414
426
438
439
420
409
415
423
424
413
399
389
384
404
403
399
395
406
418
410
397
398
412
412
409
396
393
401
396
396
404
411
401
482
351
429
352
307
397
414
418
422
421
416
415
395
389
384
404
416
413
401
396
470
385
397
411
397
396
386
377
374
371
384
398
398
389
393
406
432
441
433
434
422
419
422
420
425
426
421
422
426
446
432
425
414
401
407
398
409
410
419
423
418
414
410
420
410
410
413
407
393
394
405
400
392
395
395
409
417
403
397
405
406
402
392
387
399
397
393
387
404
400
397
401
404
406
393
402
404
403
398
401
403
402
391
393
393
401
393
388
393
390
385
381
388
397
404
399
390
384
396
406
397
397
403
411
391
388
395
395
396
393
384
378
387
394
394
397
394
404
406
409
410
423
415
411
421
427
429
425
431
433
427
425
428
440
427
415
417
430
441
430
424
420
433
441
450
453
460
516
468
337
266
306
529
380
385
410
431
443
439
422
417
426
428
423
403
426
430
427
436
432
430
418
407
433
443
429
430
412
405
410
428
427
429
414
409
399
416
429
434
426
415
415
431
427
422
411
403
405
394
412
417
420
417
420
409
411
412
403
417
428
421
417
406
413
411
414
409
396
454
393
420
416
395
395
382
396
405
408
407
405
413
441
434
425
432
422
410
401
400
411
412
403
400
412
412
418
416
410
416
425
410
396
383
381
402
426
420
414
407
441
432
425
428
435
445
437
426
452
446
441
424
447
452
452
456
506
466
512
606
391
547
313
349
1211
1492
966
495
309
539
377
735
404
436
445
449
447
440
446
438
408
487
563
381
423
325
297
266
386
390
436
389
368
401
509
409
800
436
313
338
252
278
395
325
379
446
556
435
