463
1126
1597
1917
2505
3023
3741
4013
4308
4765
5122
5456
5832
6321
6874
7358
7925
8376
8912
9369
9905
10389
10875
11518
11982
12348
12731
13090
13403
13902
14219
14486
15059
16103
16688
16995
17347
17617
17913
18188
18462
18807
19149
19417
19729
20620
21106
21636
22079
22651
23082
23358
23776
24180
24486
24820
25138
25451
25878
26159
26416
26651
26917
27241
27525
27783
28037
28352
28751
29043
29325
29506
29951
30421
30905
31389
31860
32258
32674
33168
33623
34006
34660
35182
35647
36212
36838
37101
37383
37691
38155
38573
39025
39448
39887
40366
40896
41542
42287
42569
42979
43319
43769
44799
45087
45415
45952
46408
46805
47278
47682
48132
48664
49127
49556
49887
50206
50617
51069
51524
51958
52685
53045
53373
54015
54533
55326
55588
55918
56171
56486
56861
57160
57488
57945
58322
58765
59067
59386
59921
60372
60818
61254
61733
62184
62703
63200
63510
63892
64344
64694
65097
65500
65981
66382
66770
67183
67612
67976
68306
68581
68840
69127
69406
69762
70137
70538
70794
71066
71521
71947
72470
72879
73221
73814
74113
74888
75346
75876
76576
76830
77116
77395
77674
78004
78464
78863
79187
81517
81842
82187
82582
82972
83381
84909
85268
85518
85789
86119
86579
86986
87397
87846
88375
88826
90600
91248
91651
91953
92425
92827
93316
93711
94542
95167
95618
95966
96342
96774
97159
97547
97961
98390
98834
99248
99695
100118
100935
101374
101800
102242
102692
103111
103562
103992
104400
104770
105200
105672
106080
106495
106931
107354
107739
108161
108588
108998
109409
109837
110262
110720
111156
111587
112005
112434
112869
113288
113708
114140
114527
114938
115364
115788
116209
116638
117062
117473
117898
118330
118740
119155
119585
120007
120418
120848
121280
121741
122178
122620
123045
123471
123861
124288
124713
125146
125560
125973
126414
126858
127284
127701
128154
128598
129029
129479
129527
129968
130408
130819
131282
131732
132174
132699
133152
133601
134069
134533
134983
135458
135876
136319
136779
137239
137679
138126
138623
139061
139916
140365
140806
141270
141715
142150
142597
143032
143463
143909
144768
145214
145652
146083
146541
146992
147430
147882
148324
148765
149221
149666
150109
150568
151016
151462
151911
152351
152801
153262
153704
154157
154624
155078
155579
156043
156907
157387
157848
158307
158795
159255
159717
160193
160667
161127
161651
162117
162574
163056
163943
164413
164873
165335
165852
166313
166749
167217
167667
168139
168647
169111
169538
170005
170457
170918
171374
171819
172271
172719
173161
173615
174065
174511
174967
175422
175872
176329
176786
177228
177675
178134
178583
179039
179545
180001
180460
180919
181371
181827
182304
182764
183235
183704
184168
184626
185101
185519
185974
186439
186887
187340
187807
188265
188712
189176
189671
190126
190581
191029
191484
191945
192397
192825
193285
193771
194653
195890
196310
196744
197176
197604
198048
198490
198530
198975
199421
199816
200246
200687
201128
201563
202006
202439
202867
203295
203722
204145
204580
205022
205462
205918
206383
206884
207351
207809
208267
208743
209205
209677
210134
210582
211052
211951
212433
212943
213403
213882
214337
214798
215259
215715
216173
216588
217025
217464
217909
218350
218785
219235
219726
220173
220575
221018
221465
221915
222356
222858
223310
223718
224179
224615
225056
225508
225946
226395
226893
227342
227759
228218
228716
229167
229582
230031
230480
230522
230959
231404
231841
232277
232686
233134
233571
234018
234467
234905
235347
235850
236297
236697
237160
237615
238059
238510
238959
239401
239860
240325
240821
241282
241736
242190
242603
243064
243517
243973
244422
244868
245320
245815
246256
246702
247163
247616
248051
248485
248940
249401
249807
250281
250732
251182
251642
252085
252543
253002
253453
253930
254393
254900
255369
255826
256287
256740
257184
257607
258070
258524
258998
259453
259502
259954
260417
260826
261287
261751
262197
262650
263096
263580
264033
264483
264931
265384
265834
266286
266724
267156
267559
267999
268429
268881
269328
269824
270277
270721
271160
271584
272032
272475
272933
273379
273868
274327
274724
275167
275621
276066
276517
276976
277418
277869
278325
278769
279229
279712
280166
280616
281067
281531
282002
282458
282937
283404
283808
284280
284737
285203
285666
286127
286599
287059
287521
287994
288455
288923
289380
289828
290641
291073
291573
292047
292499
292917
293389
293864
294343
294879
295356
295845
296310
296744
297216
297675
298143
298587
299038
299492
299537
299981
300440
300888
301341
301810
302265
302683
303126
303578
304023
304471
304924
305374
305889
306340
306770
307222
307675
308137
308593
309055
309540
309993
310460
310862
311304
311740
312188
312627
312981
313332
313676
313978
314430
314918
315365
315759
316202
316647
317079
317518
317956
318400
318838
319273
319720
320167
320666
321123
321522
321963
322408
322846
323282
323713
324169
324611
325058
325502
325934
326375
326813
327249
327684
328139
328579
329010
329447
329929
330354
330746
331192
331625
332055
332483
332528
332956
333387
333812
334237
334609
335019
335442
335862
336277
336702
337127
337551
337983
338413
338780
339123
339462
339881
340852
341219
341606
342019
342445
342855
343248
343628
344022
344421
344817
345222
345639
346055
346471
346515
346923
347332
347763
348181
348561
348986
349411
349847
350268
350693
351114
351529
351946
352357
352769
353175
353626
354032
354435
354807
355223
355681
356080
356468
356821
357216
357613
357954
358604
358939
359285
359660
360061
360457
360874
361302
361719
362157
362685
363025
363429
363830
364250
364665
365089
365538
365971
366397
366842
367270
367687
368111
368522
368930
369357
369831
370262
370693
371118
371553
371985
372415
372855
373286
373723
374158
374551
374978
375412
375850
376289
376776
377210
377641
378072
378512
378951
379387
379783
380225
380655
381091
381572
382008
382448
382892
383337
383787
384235
384671
385115
385560
386024
386862
387307
387759
388190
388644
389082
389530
389988
390428
390875
391322
391757
392210
392651
393091
393588
394029
394470
394811
395221
395607
396057
396508
396971
397434
397885
398336
398794
399253
399736
400193
400652
401123
401543
402000
402459
402905
403354
403811
404264
404737
405192
405641
406101
406561
407016
407452
407908
408370
409976
410511
411301
411629
412022
412654
413229
413664
414221
414588
414966
415256
415514
415811
416121
416679
416990
417331
418022
418389
418835
419139
419588
419872
420721
421099
421477
422072
422557
423083
423534
423965
424350
424809
425239
425671
426122
426604
427059
427492
427909
428355
428820
429255
429692
430503
430936
431373
431814
432249
432684
433118
433541
433986
434424
434862
435304
435774
436210
436617
437062
437504
437941
438369
438792
439208
439631
440060
440513
440972
441432
441897
442369
442830
443290
443759
444227
444695
445167
445626
446088
446564
447042
447513
447977
448443
448908
449368
449856
450303
450733
451168
451596
452051
452538
452991
453451
453869
454317
454785
455637
456216
456611
456942
457379
457658
458112
458466
458749
459125
459603
459924
460329
460602
460915
461320
461661
462098
462554
462991
463421
463888
464456
464923
465733
466147
466759
467082
467368
467648
467985
468244
468858
469290
469632
470002
470418
470864
471169
471606
472008
472935
473444
473851
474319
474782
475229
475685
476161
476611
477059
477712
478058
478408
478859
479304
479741
480249
480670
481117
481574
482032
482473
482905
483350
483791
484230
484682
485126
485574
486026
486469
486918
487373
487825
488269
488704
489152
489593
490028
490471
490943
491726
492097
492463
492836
493217
493617
494024
494433
494848
495270
495691
496101
496509
496936
497371
497795
498224
498655
499092
499530
499958
500392
500828
501270
501701
502136
502577
503017
503454
503895
504334
504762
505608
506033
506458
506877
507304
507729
508156
508575
508988
509398
509814
510247
510675
511090
511545
511976
512805
513232
513667
514111
514553
514985
515421
515856
516305
516788
517242
517665
518102
518537
518982
519434
519901
520341
520772
521195
521591
522026
522446
522865
523298
523733
524170
524596
525011
525425
525844
526269
526689
527106
527532
527951
528358
528774
529209
529642
530065
530494
530940
531382
531814
532247
532683
533114
533532
533953
534395
534838
535263
535679
536100
536534
536964
537393
537829
538277
538720
539151
539589
540037
540484
540920
541354
541785
542218
542647
543068
543494
543930
544361
544786
545206
545623
546049
546477
546905
547338
547781
548220
548656
549089
549518
549934
550316
550730
551162
551593
552015
552443
552875
553322
553776
554231
554704
555187
555660
556135
556614
557079
557537
558004
558472
558923
559378
559839
560293
560745
561190
561627
562073
562528
562975
563425
563876
564329
564773
565227
565717
566579
567030
567482
567922
568370
568820
569263
569710
570161
570611
571067
571526
571974
572410
572840
573276
573720
574171
574619
575057
575492
575926
576358
576789
577212
577635
578058
578490
578910
579325
579775
580197
580623
581050
581468
581888
582321
582750
583180
583598
584043
584470
584904
585341
585782
586226
586655
587084
587504
587934
588374
588814
589253
589706
590152
590584
591011
591441
591870
592293
592725
593152
593597
594053
594512
594954
595388
595827
596283
596718
597155
597615
598050
598479
598912
599350
599788
600641
601072
601505
601934
602368
602838
603273
603674
604109
604541
604966
605386
605807
606222
606631
607038
607453
607877
608305
608724
609135
609552
609973
610406
610866
611290
611675
612087
612499
612534
612960
613792
614226
614664
615095
615544
615991
616432
616897
617681
618093
618515
618937
619362
619785
620213
620648
621100
621555
621994
622423
622841
623265
623683
624114
624572
625004
625441
625870
626296
626698
627557
627988
628422
628853
629270
629690
630103
630507
630891
631298
631656
632062
632469
632877
633289
633747
634186
634597
635053
635516
635975
636441
636941
637406
637846
638304
638754
639194
639643
640083
640522
640950
641787
642201
642605
643026
643461
643922
644353
644784
645222
645655
646098
646516
646984
647449
647906
648365
648866
649313
649760
650213
650638
651093
651538
651983
652431
652885
653341
653820
654261
654698
655128
655557
656003
656448
656889
657334
657744
658177
658611
659042
659474
659507
659945
660787
661214
661612
662041
662480
662928
663367
663795
664223
664661
665093
665529
665956
666388
666814
667241
667666
668088
668564
669005
669442
669841
670256
670661
671058
671465
671891
672315
672756
673197
673640
674075
674504
674925
675352
675778
676200
676627
677051
677479
677907
678331
678757
679192
679618
680046
680469
680888
681315
681753
682185
682619
683048
683463
683872
684274
684668
685099
685540
685973
686401
686827
687258
687687
688116
688547
688996
689441
689889
690349
690802
691242
691683
692127
692572
693018
693457
693892
694328
694763
695209
695661
696106
696579
697012
697461
697880
698326
698781
699236
699683
700134
700572
701012
701446
701893
702315
702758
703203
705070
706092
706573
707086
707478
707774
708046
710276
711506
711932
712615
712885
713159
713575
713882
714169
714471
714900
715353
715821
716287
716744
717203
717655
718105
718567
719037
719499
719950
720787
721204
721655
722128
722615
723100
723506
723903
724301
724759
725193
725633
726050
726451
726867
727308
727755
728210
728647
729102
729552
729935
730247
730703
731023
731407
731805
732233
732546
732903
733273
733663
734105
734561
735024
735485
735917
736335
736765
737190
737619
738035
738439
738858
739297
739740
740163
740562
740966
741378
741800
742235
742656
743068
743498
743934
744367
744801
745216
745626
746057
746501
746915
747308
747692
748095
748514
748957
749395
749816
750219
750627
751040
751462
751881
752290
752710
753138
753572
753993
754387
754733
755173
755517
755940
756389
756844
757305
757769
758228
758691
759150
759606
760054
760508
760958
761406
761851
762289
762727
763159
764802
765273
765588
765882
766299
766616
767093
768108
768755
769141
769590
769849
770177
770440
770796
771180
772044
772749
773587
774788
775566
775990
776424
776880
777308
777751
778195
778625
779061
779501
779840
780138
780522
780814
781243
781660
782083
782495
782912
783323
783819
784239
784642
785033
785441
785873
786313
786754
787174
787588
788012
788456
788901
789349
789812
790276
790715
791552
791959
792405
792864
793318
793769
794221
794671
795118
795610
796036
796467
796907
797350
797803
798251
798654
799103
799553
799970
800377
800777
801168
801597
802070
802544
803009
803470
803523
803968
804412
804856
805317
805712
806161
806677
807117
807921
808363
808798
809248
809705
810164
810672
811119
811910
812357
812808
813235
813717
814148
814544
814999
815454
815887
816300
816723
817163
817612
818043
818456
818845
819221
819589
819992
820427
820871
821318
821760
822199
822632
823061
823496
823930
824363
824789
825214
825657
826107
826553
827004
827431
827837
828237
828648
829081
829533
829980
830411
830853
831298
831749
832599
833037
833487
833542
833984
834425
834876
835335
835791
836233
836659
837094
837553
837999
838433
838863
839298
839745
840196
840623
841066
841903
842727
843138
843558
843991
844436
844867
845278
845690
846121
846562
846996
847411
847816
848233
848656
849079
849493
849885
850301
850799
851231
851637
852053
852469
852892
853317
853671
854093
854514
854920
855310
855697
856094
856490
856890
857283
857677
858077
858478
858866
859265
859668
860062
860765
861110
861464
861840
862255
862679
863078
863480
863889
864303
864712
865103
865509
865939
866378
866806
867253
867717
868166
868616
869075
869528
869956
870393
870835
871279
871708
872148
872585
873004
873410
873838
874288
874733
875163
875600
876032
876454
876859
877255
877667
878089
878522
878941
879358
879857
880693
881112
881530
881951
882377
882865
883303
883698
884134
884556
885002
885466
885934
886373
886808
887258
887727
888177
888650
889118
889583
890014
890457
890898
891344
891773
892210
892696
893128
893533
893926
894333
894662
895036
895347
895838
896287
896555
896895
897224
897697
898165
898612
899068
899529
899986
900432
900891
901358
901825
902268
902710
903149
903582
904001
904420
904844
905273
905688
906123
906621
907064
907498
907884
908340
908786
909213
909649
910081
910578
910995
911411
911827
912242
912645
913071
913915
914352
914809
915254
915672
916089
916500
916910
917316
917731
918157
918603
919060
919528
920005
920476
920958
921432
921861
922329
922808
923262
923697
924122
924558
924979
925371
925740
926102
926470
926876
927296
927711
928122
928559
929022
929466
929899
930340
930774
931197
931616
932023
932434
932840
933241
933639
934048
934454
934849
935233
935684
936078
936470
936792
937183
937583
937971
938355
938736
939122
939493
939861
940236
940618
940993
941365
941708
942167
942778
943118
943459
943902
944596
945002
945400
945780
946177
946576
946978
947377
947779
948187
948603
949003
949415
949886
950296
950645
951045
951455
951867
952269
952728
953141
953892
954299
954706
955112
955560
955959
956313
956577
956966
957380
957802
958233
958648
959076
959564
959984
960405
960825
961249
961662
962065
962487
962919
963351
963760
964180
964533
964953
965366
965770
966181
966646
967052
967452
967774
968179
968593
969010
969424
969823
970218
970616
971019
971423
971814
972204
972669
973086
973508
973915
974317
974720
975130
975923
976337
976746
977160
977639
978048
978786
979207
979639
980062
980465
980870
981230
981719
982032
982496
982802
983057
983341
983683
984128
984608
985066
985498
985927
986365
986807
987249
987672
988123
988580
989032
989466
989909
990344
990779
991205
991645
992082
992524
992958
993406
993845
994292
994750
995198
995640
996072
996479
996915
997373
997833
998295
998741
999168
999604
1000033
1000452
1000872
1001320
1001749
1002149
1002547
1002962
1003408
1003867
1004299
1005074
1005581
1006050
1006729
1007327
1007894
1008508
1008763
1009104
1009372
1009824
1010087
1011745
1012056
1012378
1012663
1013004
1013342
1013676
1014001
1014331
1014728
1015078
1015462
1015828
1016249
1016703
1017139
1017532
1017983
1018408
1019584
1020291
1020579
1020930
1021279
1021634
1022093
1022451
1022802
1023088
1023505
1023888
1024275
1024649
1025033
1025437
1025877
1026294
1026672
1027085
1027495
1027536
1027941
1028365
1028785
1029195
1029607
1030017
1030395
1030780
1031157
1031557
1031963
1032361
1032720
1033141
1033609
1034018
1034436
1034814
1035235
1035701
1036129
1036890
1037280
1037710
1038130
1038563
1038988
1039398
1039804
1040219
1040640
1041057
1041473
1041871
1042262
1042636
1043050
1043457
1043863
1044250
1044644
1045063
1045488
1045910
1046325
1046768
1047177
1047540
1047946
1048350
1048741
1049131
1049582
1049994
1050410
1050831
1051245
1051664
1052084
1052874
1053279
1053736
1054162
1054600
1055023
1055427
1055791
1056203
1056661
1057069
1057484
1057850
1058252
1058724
1059149
1059611
1060038
1060447
1060808
1061214
1061659
1062054
1062444
1062794
1063192
1063629
1064010
1064462
1064842
1065159
1065573
1065983
1066388
1066787
1067190
1067583
1067960
1068335
1068715
1069100
1069481
1069830
1070174
1070511
1070855
1071204
1071558
1071929
1072321
1072712
1073091
1073476
1073838
1074235
1074633
1075023
1075416
1075769
1076168
1076566
1076964
1077351
1077783
1078183
1078548
1078955
1079350
1079794
1080201
1080570
1080969
1081369
1081770
1082170
1082570
1082971
1083378
1083818
1084210
1084566
1084971
1085373
1085722
1086096
1086462
1086945
1087354
1087716
1088126
1088586
1088994
1089404
1089804
1090214
1090646
1091073
1091484
1091902
1092324
1092759
1093187
1093613
1094033
1094444
1094798
1095194
1095591
1095993
1096399
1096854
1097260
1097666
1098077
1098508
1098945
1099365
1099771
1100174
1100543
1100958
1101373
1101782
1102204
1102671
1103093
1103504
1103920
1104341
1104759
1105173
1105530
1105933
1106351
1106759
1107157
1107596
1108005
1108421
1108836
1109248
1109670
1110100
1110530
1110963
1111379
1111789
1112206
1112623
1113044
1113454
1113814
1114240
1114679
1115109
1115581
1116073
1116795
1117220
1117614
1118041
1118502
1118906
1119304
1119744
1120181
1120611
1121034
1121440
1121857
1122293
1122729
1123161
1123576
1123971
1124349
1124745
1125181
1125582
1126018
1126454
1126501
1126934
1127363
1127793
1128241
1128684
1129109
1129529
1129940
1130367
1130808
1131249
1131692
1132136
1132567
1132993
1133900
1134313
1134605
1135046
1135498
1135543
1135983
1136413
1136792
1137220
1137693
1138108
1138599
1139001
1139789
1140227
1140619
1141046
1141463
1141508
1141913
1142311
1142710
1143124
1143916
1144341
1144822
1145255
1145634
1146068
1146539
1146951
1147362
1147780
1148204
1148578
1148999
1149420
1149885
1150310
1150734
1151148
1151552
1151952
1152360
1152728
1153138
1153545
1153954
1154372
1154843
1155260
1155671
1156098
1156527
1156943
1157348
1157749
1158150
1158553
1158948
1159344
1159731
1160133
1160902
1161303
1161697
1162101
1162514
1162925
1163330
1163784
1164191
1164545
1164942
1165343
1165767
1166195
1166617
1167034
1167449
1167868
1168293
1168718
1169133
1169547
1169973
1170411
1170850
1171270
1171724
1172139
1172517
1172941
1173354
1173799
1174188
1174572
1174976
1175379
1175778
1176173
1176534
1176952
1177362
1177759
1178157
1178569
1178981
1179390
1179786
1180179
1180624
1181020
1181416
1181777
1182188
1182634
1183116
1183783
1184212
1184564
1184871
1185268
1185682
1186100
1186522
1186943
1187359
1187727
1188122
1188511
1188895
1189299
1189715
1190128
1190578
1190974
1191444
1191752
1192149
1192560
1192957
1193353
1193739
1194116
1194490
1194813
1195197
1195595
1195993
1196382
1196775
1197181
1197613
1198054
1198487
1198532
1198954
1199373
1199752
1200172
1200597
1201023
1201444
1201911
1202337
1202783
1203215
1203596
1204010
1204411
1204862
1205260
1205669
1206079
1206498
1206921
1207339
1207708
1208118
1208538
1208948
1209358
1209771
1210178
1210571
1210965
1211370
1211815
1212207
1212557
1212952
1213361
1213824
1214227
1214624
1215029
1215435
1215837
1216229
1216570
1216969
1217366
1217759
1218146
1218550
1218950
1219347
1219792
1220196
1220602
1220995
1221397
1221756
1222159
1222557
1222958
1223361
1223763
1224154
1224547
1224940
1225341
1225734
1226122
1226560
1226950
1227335
1227716
1228104
1228501
1228905
1229304
1229694
1230078
1230474
1230880
1231277
1231632
1232035
1232446
1232837
1233225
1233620
1234015
1234411
1234804
1235188
1235611
1235998
1236392
1236786
1237183
1237577
1237981
1238387
1238796
1239206
1239629
1240044
1240455
1240832
1241259
1241688
1242113
1242544
1242977
1243404
1243829
1244257
1244697
1245124
1245539
1245956
1246386
1246871
1247301
1247725
1248145
1248578
1249019
1249469
1249876
1250336
1250852
1251320
1251702
1251968
1252274
1252702
1253082
1253467
1253877
1254308
1254751
1255190
1255612
1256029
1256455
1256883
1257306
1257709
1258135
1258565
1258992
1259428
1259860
1260290
1260708
1261115
1261911
1262354
1262783
1263213
1263673
1264078
1264488
1264916
1265343
1265772
1266186
1266595
1266994
1267410
1267839
1268273
1268699
1269114
1269899
1270330
1270757
1271179
1271637
1272040
1272445
1272839
1273251
1273668
1274088
1274505
1274925
1275334
1275745
1276157
1276560
1276977
1277405
1277826
1278243
1278602
1279015
1279426
1279840
1280249
1280690
1281144
1281838
1282258
1282674
1283069
1283464
1283799
1284195
1284600
1285008
1285867
1286272
1286685
1287126
1287516
1287941
1288373
1288795
1289205
1289606
1290006
1290417
1290829
1291232
1291678
1292090
1292874
1293292
1293754
1294164
1294580
1295005
1295415
1295811
1296194
1296531
1296933
1297359
1297826
1298240
1298647
1299088
1299916
1300341
1300811
1301246
1301691
1302128
1302511
1302963
1303409
1303850
1304274
1304721
1305173
1305625
1306081
1306587
1307053
1307565
1308171
1308545
1309092
1309405
1309754
1310948
1312440
1313406
1314521
1314830
1315369
1315746
1316502
1316906
1317342
1317787
1318236
1318683
1319123
1319569
1320007
1321603
1322090
1322629
1323010
1323433
1323630
1323927
1324193
1324671
1325061
1326912
1327301
1327669
1328070
1328579
1328988
1329805
1330241
1330692
1331030
1331282
1331560
1331955
1332280
1332788
1333234
1333790
1334225
