1041
1041
389
389
311
311
388
310
442
473
271
501
425
855
784
810
413
561
384
541
634
428
432
267
265
271
357
313
342
501
498
433
526
393
390
426
725
460
417
544
309
306
311
309
312
312
348
350
516
388
466
663
504
350
427
318
307
428
546
697
387
429
467
352
314
312
311
313
270
277
272
308
386
275
270
270
316
349
390
311
351
506
426
311
349
314
276
311
310
351
306
341
450
303
392
392
350
310
343
390
312
313
510
428
311
623
504
504
470
455
385
272
389
267
425
388
273
270
271
355
267
352
263
422
496
351
285
380
351
703
509
735
426
306
315
429
309
354
421
468
454
310
310
312
392
386
469
309
350
351
310
307
550
432
702
310
351
323
312
258
282
277
344
271
271
350
347
274
428
464
528
502
309
350
350
469
393
271
389
391
465
639
460
351
305
352
506
429
509
410
258
286
267
427
281
308
393
349
354
559
455
348
310
314
309
308
310
353
274
273
308
393
313
364
465
271
431
268
427
429
314
312
423
390
511
307
431
351
307
390
411
458
270
351
270
306
309
348
310
347
312
458
412
279
333
370
312
396
378
512
435
307
272
353
270
308
275
463
428
426
428
468
452
349
305
431
467
507
351
268
268
429
391
510
312
311
471
346
472
391
429
443
273
348
271
467
308
310
426
272
310
272
446
286
261
312
348
353
272
271
273
273
278
602
377
392
426
508
425
385
393
473
557
431
509
506
465
470
330
345
474
428
311
347
352
390
308
356
352
507
487
662
427
550
308
346
318
310
391
390
309
311
318
503
427
352
351
314
313
336
260
299
372
465
426
388
391
507
465
504
449
468
583
535
265
267
273
309
427
504
310
350
349
278
271
454
532
480
665
310
272
315
308
392
277
460
392
393
464
273
384
314
391
271
476
363
352
507
438
384
584
469
543
506
388
425
491
545
339
281
273
349
547
429
241
343
301
259
228
396
310
274
309
433
379
404
333
417
444
341
310
311
310
316
274
466
466
390
457
504
465
309
349
354
268
581
586
507
466
495
343
479
310
357
334
317
869
314
388
273
272
392
660
474
543
467
352
362
401
347
354
310
309
313
348
389
351
391
474
374
283
388
439
498
430
429
546
381
378
277
386
273
269
545
466
432
260
296
296
301
351
310
318
311
312
396
270
432
384
439
307
434
348
350
350
502
582
507
468
427
430
427
355
496
506
527
498
598
547
587
314
363
431
507
390
311
273
428
312
304
269
359
268
309
341
305
279
271
311
271
275
272
437
305
505
451
459
404
342
317
328
310
404
746
994
778
357
400
449
320
462
957
1545
513
342
312
420
383
384
388
385
374
381
386
402
388
389
387
376
379
389
399
408
419
418
413
405
389
392
401
407
409
413
409
408
391
391
390
397
417
425
429
432
402
388
387
398
421
422
413
395
389
391
399
424
419
413
413
392
391
399
424
437
436
434
408
399
396
402
428
428
428
424
410
401
404
414
436
442
438
434
422
413
402
399
416
437
441
427
417
397
392
391
404
437
432
413
417
411
400
405
433
432
416
406
396
395
398
410
429
416
416
399
394
389
406
434
432
412
412
409
397
408
423
429
425
415
404
410
428
428
425
412
413
437
437
421
426
405
487
444
380
398
414
391
291
339
338
489
551
420
417
399
401
421
424
420
396
401
412
423
424
425
416
409
414
440
446
454
453
356
330
353
416
425
430
423
429
417
435
442
273
444
435
443
478
446
522
428
393
458
446
323
357
342
360
365
317
400
311
263
325
277
377
439
428
430
426
425
454
292
356
260
399
268
781
150
307
291
373
397
325
488
352
332
359
358
444
477
911
361
356
399
486
418
411
427
448
453
448
435
423
421
428
438
438
421
418
428
441
443
440
432
423
432
446
433
425
431
413
435
406
407
432
440
592
554
496
428
425
420
418
406
415
422
428
419
418
419
434
436
427
419
421
422
369
491
417
417
423
422
423
411
415
423
426
432
417
415
406
409
427
423
412
410
429
511
510
685
497
479
410
396
418
424
421
413
336
414
417
480
395
398
403
399
409
411
406
399
387
364
379
390
394
384
387
404
408
407
402
399
392
398
410
410
409
399
388
389
404
406
395
403
415
416
402
396
391
390
385
364
375
391
383
385
408
411
391
395
384
387
381
391
377
393
405
409
406
397
395
417
407
402
392
397
415
418
412
399
402
413
405
400
404
417
420
408
382
394
395
392
384
396
405
411
418
417
434
431
409
407
409
409
409
419
429
428
431
422
438
431
432
425
428
431
426
414
418
428
421
419
409
414
418
419
423
414
417
427
439
433
429
409
411
429
428
429
419
422
431
435
437
439
429
420
432
426
421
409
425
420
424
417
401
409
417
415
414
416
428
433
432
419
425
419
416
396
374
373
384
386
391
412
424
425
422
409
424
423
412
401
394
399
408
402
401
409
422
418
406
416
421
413
413
422
421
407
411
419
417
405
408
409
407
402
402
569
403
421
413
416
405
414
417
412
412
417
424
419
415
418
417
409
415
423
428
414
427
421
413
410
416
421
419
425
430
429
424
422
434
419
417
412
425
424
421
421
435
435
441
441
456
440
447
436
425
443
441
431
429
432
437
437
445
429
429
441
446
438
435
446
451
441
433
451
347
324
445
263
372
439
435
333
264
274
322
269
436
425
424
602
453
437
331
273
439
484
448
450
422
438
327
434
439
336
315
275
305
282
260
410
413
408
408
570
419
367
428
321
430
414
420
425
410
408
412
429
437
413
426
440
413
415
417
414
437
424
425
561
359
311
267
339
320
355
379
303
341
266
353
423
404
394
449
378
448
529
420
352
414
429
425
418
416
417
420
427
418
422
327
360
432
334
348
421
409
412
427
365
477
462
394
420
421
424
432
427
411
410
414
388
378
397
410
401
400
417
418
426
416
411
424
420
418
414
420
420
434
422
411
434
257
281
417
410
440
429
429
432
432
437
437
273
417
368
431
434
423
408
424
419
443
431
437
452
455
444
445
434
439
545
431
278
334
316
326
402
410
436
475
569
501
616
468
397
470
579
391
447
524
430
335
333
351
380
383
388
405
395
440
397
575
418
384
458
626
484
362
377
426
449
448
399
485
432
447
444
449
450
448
449
430
435
438
441
438
430
441
450
447
459
454
451
453
469
467
460
556
466
462
472
465
458
456
465
454
460
449
439
438
459
449
460
439
434
447
456
453
450
452
438
434
442
450
450
440
433
438
437
439
433
421
440
448
448
423
422
436
425
430
419
430
444
437
428
425
434
431
437
424
425
437
440
444
421
439
446
449
439
420
437
440
447
441
441
439
427
408
385
384
453
416
428
430
424
419
425
426
425
421
409
416
425
429
429
434
425
427
443
448
458
455
435
452
453
446
445
428
434
448
446
433
434
439
455
466
458
445
455
453
448
440
440
456
399
527
448
456
460
454
441
441
449
452
454
447
447
461
454
445
439
446
453
462
442
446
455
457
452
446
457
560
412
382
446
454
460
467
463
460
467
468
447
438
460
455
457
438
439
445
443
436
426
430
443
447
439
448
443
448
402
451
495
456
452
441
423
389
392
406
428
428
435
423
433
441
442
435
432
452
440
452
436
439
459
455
455
446
438
458
454
449
441
455
452
454
438
443
456
453
451
447
454
456
453
443
440
445
447
452
453
437
447
454
461
469
440
439
407
304
308
374
429
444
447
453
383
426
428
593
306
417
434
456
348
322
316
374
456
450
454
442
602
297
455
415
433
399
387
383
411
417
425
438
450
457
454
442
429
433
438
439
435
417
436
439
442
445
443
438
446
446
447
449
436
436
449
448
445
447
437
438
442
451
448
452
435
448
459
447
452
445
455
464
468
450
436
453
456
467
444
426
445
452
454
437
443
451
454
456
437
446
449
454
465
448
445
458
454
460
444
440
455
446
462
466
538
515
447
313
461
448
444
508
452
443
428
437
428
438
434
437
453
446
428
564
479
540
399
400
401
436
468
393
414
424
434
433
431
413
420
434
439
437
425
439
453
453
441
440
453
459
460
452
446
456
451
448
441
446
458
459
453
445
455
453
457
441
435
430
438
436
430
445
450
451
448
439
456
449
442
449
453
462
456
454
442
450
449
438
444
438
456
463
454
453
444
452
443
445
438
429
454
446
451
444
446
461
458
473
446
449
455
441
449
438
439
448
446
440
439
453
452
457
455
447
460
453
452
438
439
444
456
456
436
445
450
456
448
443
451
450
455
450
441
451
454
457
452
437
432
