140
1181
1781
2170
2789
3100
3488
3798
4240
4731
5002
5757
6182
6630
7414
8224
9509
10070
10454
10629
11263
11715
12147
12627
12892
13163
13520
13833
14175
14693
15191
15624
16150
16557
16947
17703
18428
18888
19305
19849
20158
20464
20775
21084
21396
21610
21958
22308
22846
23234
23720
24383
24887
25549
25976
26624
26931
27359
27688
28385
28559
28988
29455
29672
29986
30298
30609
30922
31525
31802
32074
32382
32768
33043
33313
33583
33899
34248
34658
34969
35320
35826
36252
36545
36894
37208
37484
37519
37829
38180
38486
38504
38954
39257
39649
40041
40391
40719
41062
41452
41745
42058
42568
42996
43307
43619
44123
44627
45097
45663
46048
46320
46689
46956
47381
47769
48042
48312
48583
48938
49205
49557
49820
50242
50738
51089
51374
51873
52224
52866
53375
54110
54518
54824
55139
55568
55877
56231
56518
56986
57440
57750
58060
58372
58764
59150
59619
59928
60278
60629
60939
61246
61796
62228
62912
63222
63573
63896
64208
64466
64748
65025
65826
66097
66368
66718
67065
67339
67513
67977
68505
69007
69316
69666
70016
70485
70683
70954
71343
71772
72237
72895
73355
73727
74032
74384
74872
75301
75810
76560
76818
77104
77371
77798
78079
78502
78895
79244
79598
80157
80612
80960
81270
81565
81874
82182
82492
82804
83078
83351
83678
84071
84384
84770
85235
85506
85937
86205
86632
87061
87685
87997
88420
88810
89321
89628
90059
90410
90700
91090
91624
92082
92708
93059
93329
93635
93944
94292
94602
94949
95549
96007
96419
96698
97031
97401
97713
98109
98487
98999
99434
99741
100013
100366
100616
100924
101199
101641
102069
102516
102944
103412
103864
104213
104793
105224
105708
106215
106586
106854
107122
107571
107962
108472
108784
109095
109566
109912
110384
110775
111204
111898
112171
112519
112790
113257
113565
113875
114301
114554
114864
115136
115582
115868
116129
116441
116789
117142
117414
117591
117864
118137
118415
119652
120029
120421
120847
121355
121780
122165
122558
123031
123569
124000
124566
125072
125537
126007
126739
127084
127575
128003
128314
128661
129013
129403
129711
130067
130419
130594
131081
131743
132170
132720
133028
133374
133674
133984
134375
134765
135074
135385
135703
136206
136734
137086
137437
137733
138046
138382
138623
138922
139294
139816
140242
140630
141021
141528
141993
142497
142946
143414
143997
145023
145618
145885
146158
146467
146913
147417
147727
148077
148717
148995
149266
149720
150252
150732
151397
151707
151979
152294
152582
152974
153251
153500
153892
154285
154749
155022
155406
155720
156111
156382
156606
156969
157321
157575
158013
158397
158981
159450
159993
160499
160887
161312
161803
162348
162533
162814
163087
163436
163808
164237
164596
164939
165240
165499
165727
166123
166433
166707
167016
167449
167810
168214
168547
168964
169408
169786
170096
170407
170700
171016
171290
171756
172222
172630
173087
173591
174056
174365
174714
175068
175336
175649
176235
176723
177189
177661
178004
178483
178793
179150
179484
179801
180670
180984
181372
181645
181917
182309
182794
183268
183811
184278
184842
185204
185630
185977
186331
186641
186950
187263
187611
188000
188351
188742
189216
189750
190033
190421
190599
191097
191527
191956
192519
192900
193278
193555
193941
194214
194483
195009
195475
195907
196736
197032
197328
197629
197980
198290
198608
198919
199795
200191
200461
200911
201295
201751
202058
202492
202840
203190
203540
204042
204624
205131
205519
205946
206376
206803
207158
207985
208491
209018
209516
210114
210661
211248
211694
212057
212488
212995
213385
213714
213987
214415
214708
215012
215554
215913
216181
216534
216875
217180
217717
217988
218299
218551
218826
219098
219553
219858
220363
220831
221290
221694
222036
222353
222681
222991
223395
224141
225135
226010
226744
227144
227593
227913
228375
229332
230823
231336
231678
231990
232410
232793
233177
233565
233950
234324
234737
235123
235897
236285
236715
237102
237478
237857
238246
238618
239026
239445
239896
240309
240672
241061
241453
241854
242261
242670
243083
243492
243900
244291
244682
245072
245469
245886
246311
246770
247202
247604
247992
248379
248777
249198
249620
250033
250428
250817
251208
251607
252031
252450
252863
253276
253668
254059
254458
254882
255319
255755
256189
256563
256962
257358
257760
258188
258616
259044
259468
259878
260279
260683
261097
261533
261975
262413
262880
263302
263715
264117
264516
264932
265369
265810
266237
266654
267051
267443
267808
268212
268649
269081
269494
269911
270322
270751
271156
271589
272021
272437
272843
273239
273634
274032
274442
274871
275287
275703
276102
276496
276885
277291
277725
278157
278569
278981
279390
279787
280195
280589
281018
281913
282328
282732
283142
283570
283998
284423
284835
285248
285685
286122
286501
286927
287332
288644
289088
290628
291026
291440
291831
292122
292461
292799
293288
293839
294259
294676
295075
295476
295897
296321
296741
297137
297538
297950
298373
298797
299222
299638
300047
300461
300901
301347
301801
302254
302808
303138
303491
303519
303944
304374
304797
305226
305643
306078
306520
306793
307805
308240
308683
309161
309607
310129
310899
311292
311780
312226
312549
312906
313248
313608
313973
314290
314724
315035
315584
315909
316186
316621
317060
317488
317884
318310
318767
319221
320780
321136
321629
322028
322296
323077
323601
323908
324199
324572
324969
325294
325782
326134
326466
326825
327183
327627
328104
329750
330111
330467
330839
331325
331705
332116
332543
332991
333444
333892
334327
334750
335171
335599
336037
336475
336896
337314
337742
338183
338626
339066
339498
339921
340353
340799
341232
341657
342088
342501
342936
343342
343749
344181
344621
345213
345799
346295
346751
347176
347596
348014
348420
348835
349257
349685
350104
350522
350941
351375
351781
352208
352657
353078
353500
353869
354360
354746
355163
355613
356035
356458
356869
357284
357707
358133
358565
358982
359397
359803
360212
360639
361062
361474
361884
362313
362852
363362
364047
364544
365023
365653
366049
366467
366891
367312
367725
368061
368518
368935
369415
369774
370172
370575
370974
371383
371794
372200
372599
372986
373350
373729
374119
374513
374897
375284
375688
376096
376503
376905
377304
377696
378094
378504
378914
379323
379685
380073
380462
380899
381305
381700
382103
382518
382934
383336
383732
384123
384513
384898
385632
386007
386398
386781
387166
387574
387985
388376
388771
389155
389542
389923
390314
390691
391084
391489
391898
392304
392701
393096
393513
393920
394322
394714
395111
395526
395944
396356
396755
397157
397570
397975
398375
398779
399196
399616
400024
400406
400800
401195
401587
401971
402367
402772
403183
403601
404018
404452
404851
405260
405693
406102
406511
406920
407339
407768
408196
408627
409049
409487
409918
410350
410748
411176
411635
412061
412475
412893
413321
413742
414161
414570
414984
415402
415821
416244
416658
417075
417502
417941
418374
418803
419212
419623
420052
420480
420909
421328
421750
422181
422616
423053
423492
423892
424312
424771
425197
425618
426027
426452
426872
427296
427713
428114
428523
428940
429355
429769
430185
430613
431046
431478
431897
432322
432741
433157
433553
433927
434300
434684
435070
435461
435873
436297
436722
437144
437553
437977
438400
438812
439213
439607
440006
440414
440816
441217
441626
442048
442466
442872
443288
443709
444122
444535
444957
445378
445785
446196
446615
447032
447437
447845
448254
448661
449063
449465
450034
450695
451116
451529
451945
452350
452764
453181
453593
454005
454422
454846
455265
455680
456098
456904
457313
457728
458151
458609
459023
459450
459840
460253
460663
461079
461531
461950
462375
462805
463234
463658
464080
464514
464933
465350
465737
466162
466616
467037
467458
467893
468328
468769
469210
469666
470106
470524
470960
471385
471856
472297
472728
473157
473589
474026
474463
474908
475337
475766
476207
476653
477091
477526
477972
478869
479310
479743
480194
480511
480835
481280
481543
481915
482354
482789
483122
483386
483660
483982
484251
484554
484979
485403
486005
486458
486864
487195
487468
487799
488283
488685
489135
489557
489995
490657
491091
491530
491866
492181
492456
492761
493043
493303
493677
494090
494498
494906
495519
495938
496572
497000
497321
497890
498304
498724
499149
499559
499967
500379
500808
501245
501658
502084
502524
502937
503352
503769
504183
504620
505044
505469
506030
506723
507034
507301
507506
507826
508181
508560
508863
509204
509763
510116
510539
510943
511337
511786
512164
512612
513141
513561
513913
514327
514787
515212
515630
516046
516463
516883
517310
517728
518150
518771
519131
519563
519897
520245
520703
521112
521721
522148
522787
523264
523694
524088
524508
524929
525353
525785
526212
526623
527033
527447
527835
528213
528610
529020
529421
529821
530238
530656
531082
531498
531909
532333
532753
533171
533585
534005
534425
534859
535281
535692
536126
536708
536989
537406
537816
538256
538685
539114
539546
539978
540596
541033
541306
541723
542091
542552
542986
543409
543817
544241
544660
545103
545534
545971
546423
546878
547322
547767
548201
548640
549795
550635
550913
551247
551563
551889
552291
552737
553173
553667
554236
554737
555353
555774
556171
556641
557220
557611
558058
558582
559012
559608
559941
560292
560672
561055
561443
561848
562243
562683
563080
563655
564073
564457
564582
565208
565886
566581
566958
567384
567863
568311
568710
569195
569661
570108
570552
571001
571451
571899
572348
572778
573213
573616
574057
574495
574925
575366
575816
576263
576722
577176
577627
578080
578549
579016
579511
580067
580861
581323
581795
582260
582752
583208
583641
584095
584555
585004
585443
585914
586373
586822
587282
587721
588155
588571
589027
589480
589511
589963
590401
590800
591242
591724
592174
592614
593047
593485
593922
594361
594794
595630
596070
596518
596966
597389
597811
598247
598672
599102
599905
600335
600779
601216
601676
602101
602535
602966
603403
603794
604219
604656
605096
605540
605961
606400
606846
607295
607767
608187
608624
609064
609511
609952
610393
610832
611259
611635
612020
612404
612857
613646
614074
614902
615326
615776
616201
616627
617052
617473
617882
618298
618690
619119
619548
619982
620407
620834
621277
621725
622183
622670
623105
623557
624010
624456
624868
625296
625730
626178
626656
627089
627523
627962
628417
628883
629341
629753
630208
630661
631109
631549
631989
632445
632844
633371
633850
634306
634766
635220
635661
636102
636551
637003
637457
637904
638351
638812
639266
639711
640150
640596
641049
641941
642383
642829
643284
643774
644226
644672
645129
645689
646101
646483
646929
647383
647843
648310
648739
649199
649694
650162
650609
651047
651507
651962
652419
652823
653262
653707
654150
654620
655046
655476
655919
656366
656805
657253
657696
658144
658546
658997
659492
659948
660400
660808
661231
661620
662012
662418
662846
663274
663744
664167
664569
665010
665452
665887
666319
666771
667211
667663
668099
668570
669029
669484
669939
670385
670823
671281
671735
672184
672625
673080
673532
673986
674424
674835
675291
675744
676195
676642
677096
677552
678005
678448
678888
679333
679780
680232
680721
681158
681605
682059
682520
682989
683429
683868
684598
684902
685210
685611
686040
686484
686518
686971
687354
687802
688230
688855
689516
689933
690367
690823
691171
691493
691809
692183
692639
693089
693575
694017
694619
694916
695371
695753
696186
696615
697002
697385
697796
698213
698607
699045
699495
699952
700406
700848
701277
701710
702148
702620
703055
703893
704329
704737
705179
705657
706100
706538
706984
707430
707877
708326
708762
709198
709647
710095
710507
710954
711391
711829
712271
712722
713170
713622
714057
714537
714996
715443
715895
716340
716795
717259
717694
718144
718580
719033
719489
719956
720400
720826
721271
721723
722177
722644
723087
723538
723992
724448
724853
725299
725748
726202
726701
727149
727594
728052
728506
728966
729410
729850
730305
730751
731213
731679
732217
732732
733179
733492
733953
734401
734845
735353
735714
736157
736585
737022
737450
737888
738322
738759
739212
739658
740086
740684
741163
741703
742102
742502
742903
743339
743807
744200
744581
745005
745439
745872
746303
746716
747136
747570
748009
748446
748871
749310
749763
750216
750687
751127
751550
752009
752503
752955
753401
753857
754308
754756
755197
755643
756101
756560
757013
757458
757880
758333
758824
759265
759667
760097
760535
760971
761401
761879
762329
762747
763195
763668
764124
764573
765015
765464
765917
766379
766802
767256
767698
768148
768597
769035
769479
769917
770373
770836
771290
771776
772220
772640
773083
773528
773966
774395
774882
775328
775748
776192
776638
777099
777557
778030
778476
778925
779380
779821
780270
780738
781177
781625
782071
782511
782950
783403
783855
784312
784767
785214
785643
786096
786548
786986
787425
787899
788355
788811
789247
789692
790142
790598
791046
791489
791910
792360
792848
793298
793739
794190
794644
795101
795553
795990
796422
