372
891
1339
1902
2252
2783
3370
3776
4063
4380
4858
5338
5841
6272
6848
7672
7978
8346
8678
8986
9299
9694
10055
10313
10583
10865
11129
11387
11776
12104
12458
12756
13055
13378
13840
14096
14555
14924
15323
15730
16037
16442
16969
17543
17856
18112
18621
19023
19463
19869
20214
20803
21129
21670
22082
22480
22821
23188
23502
23949
24555
24931
25330
25589
25910
26211
26598
26898
27189
27504
27773
28037
28299
28570
28831
29096
29364
29649
29919
30193
30463
30740
31025
31301
31578
31858
32140
32418
32700
32981
33246
33759
34469
34951
35465
35856
36216
36703
37130
37549
37939
38421
38831
39273
39738
40301
40643
40954
41329
41818
42138
42466
42844
43299
43931
44368
44675
45011
45373
45743
46054
46363
47051
47589
47992
48475
48894
49203
49576
49874
50167
50513
51003
51622
52027
52472
52913
53470
53948
54528
54981
55529
56054
56582
57074
57643
58358
58616
59064
59387
59891
60289
60678
60997
61334
61736
62026
62360
62897
63261
63667
64111
64549
64888
65373
65859
66552
66909
67204
67479
67831
68173
68436
68691
68959
69253
69553
70001
70393
70730
71194
71644
72136
72742
73007
73310
73672
74027
74944
75924
76458
76889
77390
77679
78035
78401
78787
79141
79459
79947
80424
80901
81644
81926
82216
82744
83212
83666
84185
84575
85015
85456
85909
86509
86985
87447
87776
88029
88348
88638
89123
89619
90140
90799
91203
91555
91889
92279
92586
92907
93365
93937
94382
94662
95006
95398
95741
96091
96498
96941
97696
98018
98420
98870
99233
99556
99843
100142
100454
100520
100927
101414
101937
102298
102683
103239
103566
104009
104418
104731
105085
105363
105797
106277
106599
106944
107427
107804
108185
108680
109240
109757
110146
110580
111025
111439
111580
112028
112487
112936
113264
113515
113893
114525
114860
115170
115550
115957
116263
116676
117051
117381
117630
117976
118285
118549
118928
120346
121612
121911
122350
122624
123077
123524
124048
124554
125039
125483
125540
126176
126692
127091
127716
128034
128486
128770
129179
129491
129958
130437
131078
131629
132187
132536
132942
133385
133747
134164
134666
135156
135701
136105
136608
136880
137219
137652
137961
138403
138655
139008
139321
139562
139968
140490
141158
141550
141963
142501
142948
143342
143836
144244
144784
145604
145910
146300
146563
146961
147401
147681
147945
148272
148730
149036
149346
149673
150083
150392
150793
151155
151768
152024
152277
152628
153008
153291
153747
154080
154467
154849
155259
155839
156290
156717
157288
157834
158148
158554
158964
159528
159894
160165
160669
161366
161642
162090
162452
162929
163596
163944
164350
164911
165739
166219
166639
167043
167446
167810
168258
168786
169160
169525
169807
170103
170375
170641
171741
172142
172653
172940
173215
173477
173767
174238
174846
175329
175549
176079
176732
177047
177442
177569
178012
178495
178976
179411
179804
180124
180492
181000
181396
181759
182082
182538
183031
183876
184281
184503
184871
185188
185618
186696
186948
187223
188561
188881
189326
189642
190086
190550
190904
191209
191482
191798
192069
192358
192705
193104
193505
193808
194267
194797
195356
195963
196446
196833
197533
197980
198321
198700
199112
199630
199947
200310
200700
201064
201360
201624
202125
202630
203124
203592
204116
204622
205595
206217
207537
207912
208332
209566
210117
210622
211060
211369
211674
212080
212642
213015
213482
213982
214349
215014
215488
215932
216487
216936
217505
217945
218387
218524
218808
219116
219379
219879
220480
221007
221737
222172
222426
222928
223278
223555
223837
224207
224951
225244
225714
226144
226874
227242
227731
228180
228637
229148
229628
230166
230797
231650
232240
232526
232827
233134
233477
233513
233767
234139
234530
234944
235406
235632
236104
236523
237011
237614
238193
238697
239151
239652
240158
240670
241127
241690
242211
242809
243240
243753
244279
244914
245434
245883
246532
247051
247508
248165
248650
249176
249869
250412
250744
251246
251772
252314
252843
253371
253973
254536
255070
255634
256197
256742
257425
257881
258428
258712
259008
259558
260168
260885
261398
261523
261926
262336
262679
262948
263365
263635
263983
264328
264643
264998
265327
265590
265866
266227
266835
267398
267984
268548
269091
269622
270189
270779
271365
271905
272415
272956
273554
273841
274148
274437
274681
275163
275504
275988
276369
276712
277107
277462
277823
278098
278423
278846
279118
279477
279754
280075
280351
280706
281000
281255
281798
282423
282970
283533
284146
284755
285047
285334
285908
286509
286795
287177
287704
288427
288996
289514
289801
290104
290390
290749
291315
291841
292411
292967
293564
294182
294764
295057
295352
295949
296538
297102
297692
298290
298577
298863
299155
299669
300262
300643
300935
301215
301782
302132
302483
303043
303757
304217
304729
305018
305288
305971
306667
306991
307260
307680
307969
308418
308861
309489
309776
310054
310347
310632
310925
311200
311690
311961
312257
312890
314032
314439
314818
315406
315857
316842
317361
317631
318136
318548
319099
319585
319904
320252
320825
321404
322011
322483
322508
323041
323482
323958
324418
324620
325170
325444
325731
326077
326583
326991
327282
327661
328247
328723
329236
329626
330048
330448
330950
331497
332100
332801
333159
333495
333891
334239
334533
334827
335122
335411
335702
336036
336360
336919
337690
338124
338677
338955
339252
339581
339982
340514
340796
341239
341714
341986
342446
342542
342986
343505
343781
344107
344379
344737
345015
345507
346103
346530
346805
347240
347741
348029
348414
348696
349134
349613
350184
350517
350954
351424
351918
352196
352609
353155
353744
354031
354351
354636
354934
355226
355564
356304
356757
357039
357381
357730
358113
358616
359123
359461
359970
360551
360842
361253
361538
361889
362183
362554
363207
363815
364599
365177
365701
365996
366510
366963
367254
367569
367858
368208
368494
368836
369124
369423
370038
370634
371207
371776
372441
372786
373043
373331
373678
374298
374957
375850
376196
376592
376878
377129
377417
377679
378269
378887
379457
380027
380612
381231
381912
382916
383471
383672
384134
384623
384900
385299
385699
385967
386250
386523
386944
387233
387488
387698
387993
388282
388571
388857
389126
389412
389755
390366
391060
391508
391983
392602
392886
393274
393764
394033
394337
394826
395360
396085
396735
397044
397385
397626
397914
398206
398487
398792
399077
399357
399642
399903
400188
400476
401050
401716
402163
402444
402687
403022
403307
403589
403972
404417
405180
405615
406061
406407
406623
407258
407543
407817
408103
408409
408685
408996
409279
409554
409841
410127
410409
410695
410981
411238
411807
412372
412654
413040
413479
413557
413976
414256
414652
414937
415211
415801
416439
416728
417032
417659
418385
418885
419234
419616
420224
420895
421512
422067
422538
423118
423590
423917
424393
425082
425685
426172
426695
426971
427360
427818
428098
428503
428850
429195
429502
429753
430187
430467
430793
431077
431748
432038
432825
433279
433545
433926
434294
434630
434921
435210
435498
435785
436084
436367
436773
437408
437832
438420
438705
439027
439313
439633
440203
440968
441935
442387
442730
443065
443546
443825
444240
444889
445452
445945
446685
447044
447329
447776
448058
448496
448766
449166
449480
449633
449932
450229
450731
451357
451982
452766
453100
453380
453878
454445
455039
455523
456096
456725
457305
457877
458345
459012
460221
460747
461198
461838
462121
462412
462619
462881
463164
463461
463742
464027
464312
464570
465131
465787
466377
466931
467435
467872
468431
468708
469085
469678
470241
470567
470835
471160
471440
471717
471986
472363
472656
473022
473299
473575
474005
474430
474623
475161
475540
476184
476628
476908
477289
477713
477992
478268
478548
478826
479107
479370
479931
480475
480755
481168
481434
481500
481830
482222
482723
483284
483778
484331
484868
485623
486143
486593
487163
487837
488275
488554
488850
489131
489412
489977
490555
491103
491533
491871
492228
492626
492893
493180
493444
494039
494593
495136
495601
496264
496577
496935
497273
497965
498568
499001
499566
500018
500295
500786
501138
501482
501893
502208
502551
503072
503872
504204
504519
504801
505122
505404
505878
506329
506603
507005
507293
507766
508023
508309
508727
509113
509395
509744
510183
510651
510991
511460
512050
512724
513141
513781
514322
514963
515477
516080
516606
517067
517597
517875
518168
518444
518840
519491
519738
520016
520413
520968
521563
522132
522857
523219
523546
523935
524537
525124
525636
526286
526794
527367
527540
527836
528115
528373
528740
529130
529455
529738
530106
530385
530835
531251
531535
531816
532103
532384
532859
533135
533492
533768
534152
534548
535048
535585
536122
536697
537375
537693
537972
538390
538698
539044
539480
539505
539789
540076
540362
540653
541182
541688
542304
542792
543254
543723
544224
544726
545129
546051
546636
547016
547271
547679
548172
548706
549329
549796
550443
550533
550898
551444
551595
551990
552985
553427
554023
554655
555095
555434
555901
556195
556766
557223
557595
557961
558333
558661
558984
559436
559882
560174
560762
561225
561733
562230
562704
563181
563700
564216
564743
565282
565834
566399
566875
567426
567990
568536
569562
570131
570683
571203
571743
572321
572917
573442
573974
574526
575083
575578
576131
576707
577254
577821
578379
578898
579430
579970
580464
580939
581428
581938
582497
583051
583573
584110
584709
585253
585765
586291
586824
587336
587876
588465
588738
589001
589547
590095
590656
591189
591749
592315
592807
593338
593943
594509
595032
595564
596107
596662
597194
597757
598326
598858
599399
599953
600492
601024
601571
602128
602668
603202
603757
604317
604854
605398
605961
606504
607053
607623
608187
608726
609300
609864
610404
610979
611555
612113
612659
613234
613782
614286
614788
615295
615821
616357
616622
616944
617200
617516
618067
618619
619155
619630
620125
620667
621149
621737
622282
622840
623415
623950
624496
625063
625654
626247
626801
627349
627923
628510
629058
629629
630211
630810
631363
631927
632509
633073
633617
634178
634727
635259
635807
636358
636891
637446
638001
638529
639089
639655
640192
640767
641286
641896
642454
642982
643539
644069
644667
645228
645744
646298
646886
647443
647992
648558
649131
649686
650245
650831
651402
651972
652542
653082
653646
654229
654781
655347
655897
656464
656501
657052
657668
658245
658834
659474
660067
660663
661260
661834
662412
663023
663573
664135
664747
665326
665884
666454
667044
667592
668164
668792
669350
669925
670535
671089
671638
672181
672739
673258
673797
674365
674910
675517
676125
676688
677270
677847
678397
678964
679534
680075
680618
681187
681716
682229
682778
683331
683864
684389
684940
685466
685998
686553
687099
687618
688167
688724
689262
689810
690392
690964
691492
692045
692588
693125
693696
694274
694818
695415
696008
696567
697162
697747
698290
698852
699416
699941
700478
700516
701084
701647
702191
702749
703336
703888
704473
705053
705603
706171
706739
707294
707823
708377
708917
709434
709978
710538
711074
711631
712200
712750
713285
713827
714374
714904
715460
716033
716569
717122
717674
718205
718751
719286
719803
720342
720889
721409
721947
722495
723034
723563
724115
724675
725200
725755
726329
726874
727425
728000
728595
729151
729720
730311
730849
731375
731930
732487
733028
733606
734177
734721
735283
735849
736385
736935
737498
738063
738593
739151
739713
740248
740899
741361
741900
742441
743023
743587
744133
744647
745215
745753
746314
746900
747466
748030
748606
749184
749751
750307
750870
751410
751912
752477
752513
753071
753610
754177
754727
755260
755796
756345
756864
757400
757948
758494
759031
759595
760139
760668
761205
761743
762252
762741
763276
763852
764378
764934
765474
765997
766552
767104
767639
768199
768755
769275
769806
770353
770907
771520
772031
772580
773116
773692
774260
774794
775351
775909
776460
776989
777570
778143
778678
779253
779829
780920
781489
782035
782577
783133
783729
784278
784866
785437
785946
786516
787146
787635
788200
788759
789294
789902
790488
791046
791590
792144
792722
793276
793806
794367
794959
795518
796042
796577
797115
797634
798162
798716
799239
799723
800233
800728
801252
801822
802326
802847
803372
803901
804432
804966
805514
806059
806582
807127
807682
808205
808713
809279
809838
810300
810898
811466
811995
812513
813069
813629
814159
814713
815259
815786
816336
816882
817397
817931
818473
818999
819557
820101
820631
821172
821704
822228
822776
823328
823938
824389
824935
825453
825983
826531
827072
827585
828124
828648
829149
829700
830254
830811
831369
831866
832372
832907
833457
833975
834501
835057
835598
836116
836666
837206
837722
838243
838767
839273
839801
840329
840879
841426
841950
842488
843057
843651
844198
844749
845247
845840
846389
846915
847455
848020
848576
849114
849787
850323
850863
851427
851715
852042
852299
852591
853132
853698
854287
854849
855436
856028
856594
857175
858750
859584
859887
860275
860578
860834
861228
861717
862337
862849
863178
863464
863800
864382
864764
865355
865666
866078
866507
866970
867391
867602
868115
868956
869311
869930
870362
870817
871263
871748
872247
872734
873205
873689
874192
874687
875169
875660
876136
876596
877075
877579
878093
878616
879179
879730
880243
880770
881283
881769
882288
882808
883320
883838
884374
884907
885406
885933
886477
887002
887517
888068
888636
889147
889678
890210
890732
891239
891760
892286
892790
893317
893860
894381
894910
895458
896003
896535
897100
897646
898157
898693
899246
899760
900296
900856
901484
901929
902488
902523
902810
903089
903397
903588
904141
904703
904962
905231
905765
906310
906860
907378
907909
908454
908981
909499
910030
910564
911069
911583
912109
912717
913144
913688
914211
914724
915257
915792
916310
916811
917338
917889
918541
918981
919541
920107
920643
921186
921748
922304
922854
923425
923740
924030
924317
924522
925067
925639
926286
926760
927356
927625
928019
928455
929031
929734
930075
930444
930721
931099
931380
931767
932344
932912
933465
934021
934590
935119
935684
936248
936778
937331
937895
938429
938982
939544
940195
940638
941190
941742
942271
942874
943451
943961
944537
945111
945652
946221
946780
947403
947852
948420
948603
949129
949656
950096
950644
951110
951667
952196
952743
953187
953805
954379
954944
955468
956012
956568
957095
957647
958219
958534
958908
959343
959618
959893
960246
960915
961514
962110
962646
963215
963805
964356
964912
965485
966137
966606
967176
967735
968263
968829
969489
969527
970063
970503
970896
971186
971768
972347
972911
973443
974007
974573
975109
975590
976175
976632
977098
977828
978286
978876
979429
980106
981031
981511
981845
982351
982757
983027
983309
983894
984353
984962
985676
986208
986756
987300
987693
988167
988583
989005
989486
990047
990427
990997
991534
992119
992711
993266
993847
994424
994996
995544
996108
996673
997215
997717
998286
998846
999505
999948
1000509
1001066
1001597
1002137
1002676
1003167
1003717
1004258
1004893
1005324
1005870
1006410
1006917
1007430
1007970
1008524
1009051
1009602
1010179
1010709
1011262
1011820
1012352
1012877
1013421
1013976
1014517
1015088
1015661
1016306
1016768
1017041
1017323
1017613
1017901
1018359
1018964
1019515
1020044
1020593
1021166
1021722
1022280
1022847
1023386
1023930
1024496
1025131
1025568
1026131
1026681
1027257
1027828
1028394
1028943
1029522
1030102
1030654
1031219
1031800
1032340
1032894
1033921
1034557
1035163
1035845
1036181
1036532
1036810
1037276
1037580
1037838
1038104
1038417
1039123
1039568
1040160
1040794
1041254
1041860
1042432
1042954
1043558
1044238
1044714
1044981
1045305
1045865
1046518
1046986
1047641
1048218
1048515
1048861
1049302
1049840
1050349
1050852
1051405
1052032
1052483
1052795
1053114
1053418
1053786
1054264
1054776
1055309
1055830
1056411
1057021
1057575
1058175
1058745
1059272
1059828
1060390
1060940
1061551
1062283
1062837
1063290
1063872
1064436
1064965
1065520
1066211
1066794
1067269
1067803
1068606
1069038
1069577
1070139
1070757
1071197
1071781
1072372
1072932
1073504
1074178
1074646
1075204
1075715
1076249
1076769
1077293
1077785
1078300
1078850
1079400
1080155
1080704
1081147
1081707
1081975
1082367
1082817
1083075
1083400
1084061
1084505
1085066
1085623
1086166
1086746
1087329
1087866
1088427
1088970
1089520
1090101
1090662
1091215
1091808
1092406
1093059
1093500
1094051
1094679
1095583
1096150
1096740
1097221
1097757
1098307
1098810
1099416
1099906
1100424
1100961
1101509
1102041
1102591
1103144
1103670
1104192
1104727
1105350
1105776
1106556
1106918
1107178
1107448
1107710
1107982
1108250
1108534
1109110
1109622
1110208
1110780
1111425
1111876
1112560
1113143
1113602
1114164
1114812
1115245
1115784
1116353
1116886
1117408
1117929
1118431
1118954
1119519
1119986
1120639
1120891
1121224
1121481
1121537
1121934
1122363
1122583
1122897
1123281
1123589
1124026
1124293
1124593
1125147
1125671
1126315
1126778
1127357
1127916
1128492
1129078
1129572
1130224
1130773
1131031
1131299
1131692
1131972
1132413
1132926
1133448
1134105
1134657
1135182
1135571
1136131
1136717
1137342
1138088
1138564
1139142
1139688
1140209
1140734
1141306
1141865
1142450
1143112
1143552
1144088
1144735
1145153
1145715
1146353
1146763
1147368
1148064
1148554
1148830
1149122
1149404
1149695
1149971
1150342
1150859
1151396
1151917
1152438
1152886
1153468
1154025
1154551
1155205
1155645
1156204
1156816
1157366
1158032
1158501
1158949
1159632
1159886
1160173
1160728
1161199
1163084
1164695
1164950
1165309
1165565
1166049
1166848
1167148
1167470
1167794
1168054
1168328
1168876
1169312
1169695
1170006
1170276
1170568
1170821
1171247
1171660
1172746
1173249
1174582
1174900
1175359
1175878
1176180
1176492
1176660
1177257
1177640
1178813
1179115
1179466
1179758
1180074
1180384
1180702
1181149
1181518
1182000
1182741
1183190
1183700
1184095
1184572
1185177
1185716
1186222
1186719
1187266
1187824
1188366
1188855
1189356
1189868
1190364
1190851
1191344
1191861
1192363
1192899
1193397
1193880
1194401
1194911
1195408
1195932
1196444
1196954
1197457
1197979
1198503
1199025
1199574
1200090
1200602
1201119
1201624
1202146
1202657
1203212
1203748
1204271
1204807
1205334
1205883
1206392
1206916
1207434
1207937
1208446
1208931
1209450
1209986
1210492
1210946
1211459
1211502
1212007
1212547
1213081
1213586
1214098
1214580
1215106
1215621
1216144
1216667
1217190
1217745
1218263
1218801
1219338
1219826
1220347
1220934
1221465
1221992
1222502
1223029
1223567
1224092
1224575
1225091
1225623
1226158
1226689
1227206
1227746
1228284
1228812
1229343
1229897
1230460
1231004
1231619
1232180
1232720
1233257
1233752
1234276
1234853
1235396
1235894
1236423
1236957
1237486
1238012
1238547
1239086
1239618
1240162
1240701
1241218
1241747
1242288
1242857
1243386
1243870
1244391
1244977
1245507
1246047
1246569
1247096
1247583
1248107
1248657
1249206
1249736
1250273
1250818
1251365
1251913
1252457
1252986
1253522
1254057
1254589
1255143
1255708
1256263
1256797
1257341
1257870
1258397
1258947
1259499
1260040
1260579
1261139
1261677
1262217
1262813
1263347
1263882
1264431
1264981
1266002
1266524
1267004
1267961
1268447
1268958
1269436
1269890
1270402
1270895
1271399
1271905
1272418
1272900
1273378
1273872
1274364
1274855
1275350
1275859
1276378
1276868
1277376
1277929
1278431
1278880
1279375
1279873
1280354
1280842
1281341
1281859
1282317
1282777
1283257
1283757
1284256
1284766
1285271
1285722
1286527
1286970
1287443
1287932
1288421
1288920
1289429
1289927
1290413
1290906
1291414
1291915
1292433
1292982
1293513
1294025
1294531
1295029
1295539
1296042
1296605
1297135
1297665
1298164
1298623
1299135
1299683
1300191
1300718
1301228
1301727
1302233
1302713
1303240
1303754
1304295
1304810
1305311
1305806
1306327
1306853
1307364
1307860
1308359
1308851
1309346
1309833
1310343
1310857
1311354
1311906
1312432
1312910
1313419
1313930
1314446
1314975
1315493
1316033
1316573
1317088
1317601
1318128
1318660
1319186
1319771
1320327
1320872
1321408
1321919
1322467
1322989
1323518
1324062
1324614
1325143
1325659
1326201
1326754
1327282
1327797
1328333
1328876
1329392
1329916
1330477
1331037
1331573
1332093
1332626
1333151
1333667
1334190
1334740
1335298
1335837
1336372
1336902
1337432
1337947
1338474
1338521
1339055
1339581
1340097
1340636
1341084
1341608
1342114
1342732
1343262
1343733
1344251
1344785
1345301
1345800
1346303
1346736
1347574
1348032
1348515
1349030
1349601
1350122
1350578
1351081
1351581
1352078
1352568
1353061
1353588
1354112
1354666
1355156
1355649
1356149
1356644
1357130
1357629
1358143
1358653
1359151
1359655
1360161
1360626
1361139
1361637
1362142
1362656
1363160
1363712
1364240
1364775
1365306
1365795
1366324
1366847
1367362
1367896
1368448
1368979
1369507
1370036
1370566
1371089
1371628
1372169
1372691
1373217
1373761
1374310
1374847
1376049
1376635
1377199
1377736
1378297
1378853
1379376
1379909
1380460
1381004
1381555
1382117
1382655
1383192
1383735
1384290
1384832
1385380
1385929
1386469
1387013
1387563
1388086
1388619
1389158
1389699
1390245
1390797
1391366
1391930
1392489
1393014
1393532
1394068
1394600
1395120
1395676
1396223
1396754
1397289
1397811
1398313
1398794
1399308
1399845
1400379
1400927
1401496
1401539
1402091
1402639
1403182
1403710
1404237
1404758
1405281
1405817
1406349
1406861
1407377
1407901
1408394
1408895
1409420
1409948
1410471
1410986
1411495
1411991
1412487
1413004
1413513
1414023
1414543
1415063
1415573
1416089
1416598
1417100
1417603
1418127
1418631
1419134
1419640
1420155
1420653
1421149
1421641
1422122
1422619
1423137
1423671
1424195
1424728
1425254
1425756
1426270
1426789
1427293
1427817
1428338
1428863
1429384
1429914
1430432
1430939
1431451
1431971
1432461
1432958
1433458
1433956
1434462
1435021
1435583
1436134
1436715
1437296
1437843
1438401
1438923
1439466
1440009
1440609
1441166
1441709
1442273
1442863
1443415
1443931
1444489
1444532
1445052
1445572
1446125
1446683
1447245
1447830
1448402
1448937
1449471
1450024
1450559
1451119
1451692
1452253
1452808
1453359
1453913
1454454
1454986
1455497
1456016
1456579
1457143
1457700
1458262
1458816
1459377
1459939
1460471
1460999
1461544
1462075
1462623
1463171
1463711
1464257
1464784
1465313
1465868
1466425
1467009
1467558
1467935
1468837
1469350
1469951
1470456
1470880
1471530
1471888
1472159
1472483
1472671
1473215
1473594
1473920
1474259
1474564
1475080
1475531
1476073
1476511
1477222
1477685
1477950
1478255
1478680
1478974
1479297
1479621
1479894
1480326
1480772
1481163
1481545
1482039
1482474
1482633
1482935
1483239
1483554
1483952
1484277
1484687
1485217
1485694
1486249
1486649
1486909
1487281
1487601
1487979
1488275
1488583
1488872
1489231
1489622
1490072
1490467
1490653
1490920
1491202
1491464
1491738
1492035
1492424
1492695
1492979
1493296
1493830
1494634
1495051
1495435
1495805
1496115
1496452
1496819
1497215
1497609
1497946
1498300
1498644
1498966
1499343
1499848
1500222
1500546
1500912
1501225
1501711
1502065
1502489
1502825
1503135
1503496
1503989
1504433
1504946
1505437
1505848
1506444
1506928
1507327
1507647
1508026
1508467
1508880
1509191
1509537
1509887
1510268
1510659
1510963
1511339
1511592
1511907
1512166
1512427
1512995
1513299
1513566
1513842
1514553
1514842
1515117
1515372
1515671
1516102
1516415
1516589
1516969
1517263
1517547
1517966
1518551
1518959
1519474
1519741
1520072
1520344
1520582
1521091
1521499
1521519
1521984
1522552
1522983
1523558
1523843
1524127
1524402
1525731
1526265
1526694
1527291
1527626
1528072
1528480
1528740
1529010
1529851
1530366
1530770
1531277
1531568
1532025
1532359
1533822
1534146
1534520
1534947
1535371
1535894
1536300
1536941
1537372
1537709
1538195
1538821
1539127
1539553
1539941
1540309
1540650
1540977
1541297
