519
519
448
350
350
531
587
406
287
317
495
480
520
431
576
256
306
368
332
308
313
375
361
258
270
282
264
258
409
328
354
298
299
323
405
256
402
369
399
407
307
405
527
288
313
256
333
402
440
406
345
446
326
523
412
398
323
367
314
447
331
376
399
323
321
301
377
300
291
315
269
264
262
260
261
265
268
273
270
274
270
277
285
276
277
280
282
278
282
281
265
525
710
482
514
373
360
487
427
419
390
482
410
442
478
563
355
311
375
489
320
328
568
455
610
437
307
336
362
370
311
309
675
360
403
483
419
309
435
298
293
346
490
607
405
445
441
557
478
580
453
548
525
528
492
569
715
276
448
323
441
398
389
319
337
402
290
334
517
364
406
444
420
339
485
486
323
357
295
275
352
342
263
255
268
294
279
448
392
337
464
450
492
332
265
303
362
355
451
504
534
431
501
269
356
366
386
354
318
488
477
477
441
282
290
546
468
441
519
390
440
441
453
588
476
462
317
253
319
436
485
496
521
365
404
368
334
390
307
321
458
572
445
339
344
392
343
350
407
443
368
322
402
450
363
308
287
299
312
363
407
487
523
361
385
556
309
443
409
331
354
278
451
480
322
345
483
377
381
474
560
534
389
434
445
414
538
448
459
438
328
305
378
459
335
310
380
407
306
413
375
330
263
346
309
264
379
1206
701
299
439
713
453
447
524
525
485
444
520
636
535
399
321
318
452
324
409
312
484
479
641
571
558
368
406
443
362
417
502
490
527
404
271
272
339
413
309
442
252
353
313
572
406
522
687
392
413
519
447
394
494
408
395
388
306
390
263
398
440
260
264
327
445
306
310
327
410
309
401
362
334
256
253
333
380
283
400
333
387
382
410
520
451
427
571
411
314
406
410
289
366
271
488
697
276
448
362
477
385
348
406
549
327
480
438
404
403
364
448
528
374
354
282
296
272
266
1018
401
279
287
275
262
462
471
608
483
681
530
312
315
395
522
443
483
481
435
406
320
368
523
396
363
323
473
493
403
405
323
368
317
418
276
252
275
493
320
445
316
444
482
354
305
273
316
271
289
403
399
443
303
459
530
559
607
483
487
414
447
341
379
412
518
317
363
409
364
296
560
501
524
494
449
524
506
604
622
398
375
420
1234
551
486
438
309
305
406
562
373
467
500
367
646
474
444
555
449
569
440
442
267
284
308
263
487
601
527
363
435
254
435
350
277
282
370
462
293
470
430
780
368
489
449
457
511
480
538
631
919
590
355
301
307
343
331
254
372
447
414
462
504
472
419
488
642
579
504
454
501
506
512
457
563
521
520
431
513
526
635
520
449
649
519
457
657
556
526
693
543
290
502
526
542
529
528
574
563
534
564
563
545
683
456
547
284
296
550
610
717
513
434
403
410
343
269
417
270
348
345
315
355
329
459
276
361
608
563
586
564
543
531
567
590
586
540
510
541
314
287
307
289
455
482
341
484
381
343
395
355
438
275
325
423
272
359
277
321
276
267
294
255
543
625
547
488
613
294
292
287
509
326
286
382
527
723
569
427
287
303
286
580
566
592
570
556
597
618
295
293
295
597
589
564
590
598
287
286
292
721
593
417
292
280
496
350
351
560
354
460
412
289
270
602
271
324
269
420
289
449
443
628
287
278
293
285
293
275
416
271
296
501
548
407
585
588
451
358
519
270
505
412
551
423
319
348
413
579
607
472
460
533
441
476
460
371
550
274
287
346
506
408
291
471
586
476
513
390
422
400
566
547
603
403
358
336
396
348
327
294
295
289
291
334
324
559
358
434
224
278
297
329
401
532
282
443
475
272
460
171
444
458
276
326
272
358
278
492
596
336
275
435
459
288
385
282
438
479
571
333
437
470
465
278
579
546
299
287
320
285
298
292
630
740
492
282
342
349
383
503
507
338
509
363
291
411
285
351
294
665
653
608
808
578
312
295
514
453
291
315
289
350
286
342
288
299
615
596
573
569
665
345
257
288
635
620
576
397
346
396
286
251
288
463
590
639
570
596
557
619
681
554
555
330
462
489
277
399
400
268
283
273
421
289
255
295
295
289
289
286
269
286
545
611
694
448
475
424
284
388
405
269
304
560
534
725
272
309
341
275
288
292
281
305
285
280
285
261
285
288
574
385
447
281
243
335
285
282
383
445
693
435
446
346
534
635
285
274
286
306
276
311
283
275
287
286
282
286
286
257
569
565
282
386
439
269
419
280
314
285
274
590
638
289
304
654
726
500
349
731
608
637
617
555
471
580
472
327
476
614
603
487
326
276
389
458
280
372
347
345
307
251
434
280
326
284
283
290
350
454
346
381
368
336
291
289
288
287
299
283
689
635
585
588
285
322
286
606
570
765
466
452
343
335
454
279
415
591
563
493
430
359
285
447
282
438
305
400
314
153
299
297
578
626
625
437
334
280
582
567
594
563
573
557
580
572
468
667
735
526
451
394
283
291
282
262
283
297
281
285
285
543
561
656
590
554
504
437
559
277
377
593
563
240
268
325
280
277
269
377
293
366
277
276
430
425
585
538
431
644
389
280
381
424
279
276
280
278
281
263
561
544
280
413
266
332
330
392
535
561
572
553
565
723
520
450
570
391
438
279
296
281
281
565
578
548
346
338
357
398
267
287
264
595
554
543
465
663
313
358
338
550
603
433
405
452
277
458
352
344
411
315
658
521
398
332
315
282
321
282
474
451
274
402
288
281
257
286
418
386
282
316
439
468
340
469
590
410
417
669
541
606
514
603
526
461
280
278
293
276
672
651
281
278
397
555
595
569
379
362
327
389
602
587
512
650
595
573
173
296
279
258
333
390
325
283
368
279
450
416
284
281
287
281
392
276
357
276
384
396
500
508
537
575
678
318
279
418
336
346
436
263
284
287
286
577
529
506
616
519
462
469
501
476
403
653
271
380
255
408
493
534
623
467
647
426
365
546
515
395
675
442
596
497
440
339
467
294
531
457
372
366
372
328
323
452
446
292
298
463
485
497
474
477
519
516
492
539
552
565
516
551
564
546
451
569
552
520
540
578
553
525
532
552
557
534
553
576
547
538
558
558
532
509
494
514
489
510
559
554
522
537
558
544
512
526
533
512
540
589
273
263
546
548
561
533
560
566
532
531
566
566
523
532
543
555
532
563
569
532
541
554
539
532
547
557
540
534
555
560
537
544
563
543
549
570
564
539
574
564
540
575
576
558
546
575
548
504
502
507
526
536
265
322
256
572
551
552
536
515
495
542
482
588
545
558
575
535
546
567
558
593
591
548
574
587
548
571
582
559
553
564
582
564
544
561
549
532
548
551
533
555
555
528
560
566
537
575
519
610
558
566
557
530
557
561
516
554
588
557
549
566
573
555
559
586
571
570
570
540
564
583
552
566
592
567
567
551
616
577
589
640
593
596
597
574
578
611
550
562
612
579
558
570
590
548
572
628
558
575
610
554
549
543
558
519
539
568
545
607
608
563
582
577
550
567
570
541
543
569
529
513
549
553
533
525
551
526
532
555
546
519
549
557
538
548
582
572
528
553
543
537
571
578
544
597
593
559
595
585
543
562
564
560
537
541
568
563
544
558
587
552
585
580
550
568
568
555
529
554
540
517
544
560
536
557
569
550
535
542
547
530
556
573
536
553
552
531
546
535
517
539
547
520
538
548
539
529
552
560
525
555
574
545
551
575
595
556
569
591
538
526
555
557
541
578
571
544
562
566
536
550
563
565
530
558
562
535
651
462
539
541
582
564
546
555
568
538
561
586
566
564
576
578
535
556
563
540
535
565
565
558
539
567
550
533
536
549
519
536
548
546
537
564
544
529
537
538
509
521
535
539
526
556
540
523
555
552
535
560
556
520
531
547
554
613
511
549
536
576
568
534
557
558
551
529
581
573
535
575
576
457
569
546
542
556
561
549
588
571
539
570
630
489
565
559
535
569
586
558
544
554
578
554
530
561
592
559
524
535
538
557
528
525
523
524
510
495
524
531
504
521
525
529
531
534
548
545
523
545
555
523
542
566
521
462
598
568
529
518
556
560
530
554
546
527
550
546
515
534
542
526
558
544
530
541
532
524
548
552
574
451
546
518
530
548
541
513
539
524
501
551
554
585
558
535
506
535
550
518
526
556
541
518
550
540
516
521
524
506
528
528
517
547
561
538
569
557
547
551
498
593
549
562
540
565
556
538
673
536
540
564
252
327
257
549
541
566
589
562
587
592
566
581
486
475
303
388
303
256
394
489
620
366
329
286
510
582
382
591
517
412
473
463
421
632
513
473
355
545
432
455
446
485
499
487
471
484
503
495
482
491
476
460
479
504
514
523
563
551
513
527
513
486
519
520
512
518
536
533
499
527
544
525
515
551
568
511
531
532
522
507
521
526
504
527
543
521
529
548
545
532
565
546
511
536
553
514
536
560
628
445
559
256
287
279
308
528
553
304
259
269
534
545
550
518
531
545
527
518
531
534
505
514
526
608
427
544
523
513
533
535
518
501
527
551
652
440
560
566
536
543
562
556
550
571
277
290
287
526
545
572
647
474
596
269
394
436
576
285
341
369
277
378
281
526
577
568
553
556
569
529
565
564
530
553
564
534
553
562
651
443
552
552
529
570
577
545
576
574
541
569
559
623
449
568
716
526
527
440
548
466
510
529
547
444
618
574
565
524
544
556
527
552
572
280
374
435
275
275
353
522
599
596
536
569
590
551
556
573
652
469
570
559
528
566
660
663
536
321
393
290
547
579
564
532
564
566
536
481
585
457
466
413
458
548
553
677
552
480
334
506
291
270
282
549
459
557
679
532
548
544
530
474
416
422
481
561
380
570
537
585
592
555
581
577
572
548
564
565
542
502
569
560
659
443
561
557
531
540
539
491
550
541
635
431
546
540
507
513
540
554
527
551
577
530
553
558
532
525
544
555
541
571
573
645
423
273
282
290
288
458
554
551
529
549
573
556
558
567
539
544
566
635
437
563
550
576
571
566
549
579
580
552
565
581
540
554
439
581
606
353
336
351
278
466
259
258
266
313
706
445
592
494
460
554
572
522
604
680
441
267
324
596
653
468
619
577
297
346
441
538
509
536
553
627
451
362
319
304
368
478
549
533
521
581
610
554
600
570
527
556
562
550
611
732
554
453
582
564
529
555
691
583
475
534
421
432
539
562
652
440
584
591
560
572
674
468
558
511
534
520
524
492
515
550
550
755
549
443
292
268
392
450
258
325
661
444
561
557
543
580
583
537
561
543
550
581
561
553
593
598
653
441
551
628
515
567
555
481
536
550
503
606
527
518
537
548
532
550
553
526
522
535
623
426
523
362
260
270
262
272
268
552
576
512
586
572
645
451
684
583
459
562
648
433
539
569
533
522
521
502
523
565
467
319
252
333
257
275
397
429
256
314
384
308
437
267
621
554
562
644
463
579
559
576
586
494
652
294
258
268
438
280
441
550
522
657
499
525
489
560
586
625
698
476
578
546
521
525
572
559
585
662
440
536
359
418
427
638
448
605
696
454
276
292
282
291
276
371
517
537
521
521
448
582
557
560
654
440
559
575
550
666
469
448
328
254
287
688
471
649
288
255
359
615
484
434
300
322
324
260
274
606
436
273
311
270
292
253
426
413
709
503
353
318
459
519
302
312
508
597
513
847
302
351
292
316
310
318
447
480
482
416
449
468
395
477
605
539
506
497
547
558
542
489
501
512
496
487
493
517
502
489
498
527
521
510
497
524
512
510
503
522
524
522
503
516
512
517
505
522
556
555
536
523
536
527
502
509
524
518
503
509
529
519
491
506
499
513
510
505
540
534
505
512
528
526
515
523
523
523
509
518
538
537
533
521
539
531
527
510
527
538
525
528
516
532
535
531
517
540
538
528
531
554
563
544
565
561
540
537
540
524
530
543
545
529
534
529
526
535
539
532
544
539
517
529
541
522
529
529
521
537
530
540
522
527
533
524
550
549
530
537
545
547
548
544
529
536
535
532
554
565
555
534
544
529
527
550
552
541
539
560
538
540
548
534
535
549
550
537
522
480
487
486
466
478
497
512
493
504
506
513
482
478
494
492
491
495
509
519
490
508
507
502
494
495
498
481
488
499
474
458
460
480
500
499
510
505
451
437
443
473
489
489
499
509
498
486
493
508
501
518
549
531
512
506
498
510
503
516
530
530
499
506
512
503
508
527
510
499
506
524
527
514
541
515
501
495
521
526
511
496
499
492
495
487
510
514
497
505
526
524
509
511
516
529
518
540
540
515
513
527
532
526
536
556
545
536
558
548
522
529
544
552
529
516
542
553
528
515
536
543
516
524
561
560
536
520
533
525
516
523
550
558
539
535
530
530
515
527
526
534
526
516
539
448
524
506
618
530
516
518
534
516
499
503
433
424
458
483
515
525
521
501
503
500
497
490
493
527
524
508
490
493
500
495
486
499
514
510
498
504
506
512
513
498
505
514
504
507
528
535
531
535
529
523
515
534
552
531
528
529
530
523
539
541
522
526
544
549
490
570
586
564
537
561
556
523
533
551
544
551
562
538
537
543
555
542
548
549
540
544
550
523
533
539
541
546
552
569
564
559
525
518
536
532
520
556
547
531
535
522
502
481
514
537
534
501
569
570
552
548
543
528
527
521
523
536
532
512
516
524
493
501
525
528
523
515
509
496
496
517
509
510
520
520
510
516
509
502
503
524
504
503
506
515
498
496
492
481
497
518
534
524
533
526
502
514
519
504
524
521
525
521
530
518
507
512
520
490
497
500
498
506
559
562
551
581
581
547
558
563
543
543
556
557
543
564
590
552
558
558
559
520
520
553
558
562
585
572
535
534
553
535
560
573
561
555
551
554
541
532
511
519
563
564
557
562
554
561
562
532
528
545
531
548
548
540
546
527
529
555
557
584
549
377
463
513
601
505
441
406
358
271
324
601
544
338
326
339
461
516
451
542
438
711
253
265
305
407
294
323
324
273
432
424
391
382
494
435
337
302
304
315
398
325
427
530
463
555
320
260
372
320
378
296
308
289
359
369
450
395
270
267
282
262
274
297
389
328
284
317
573
417
417
384
370
310
337
383
396
394
337
354
344
322
377
488
374
324
366
313
331
354
424
348
310
361
493
444
513
491
428
596
462
399
320
379
441
413
311
328
350
381
373
304
376
253
315
259
261
568
304
267
276
692
289
275
255
374
431
313
272
380
294
284
419
585
408
515
364
331
272
489
509
408
449
465
568
431
298
285
284
275
586
534
429
597
324
446
408
260
270
406
515
404
507
306
457
334
392
324
374
427
424
533
406
460
431
322
486
359
306
415
388
368
341
327
320
