597
649
630
678
696
512
573
536
519
518
684
681
508
610
696
520
653
670
500
681
699
634
521
618
540
595
615
685
524
527
587
640
696
552
577
649
595
550
538
625
641
610
547
626
525
627
638
611
660
513
508
594
518
627
645
663
627
512
637
601
596
588
511
692
631
544
684
656
532
546
625
603
631
574
539
589
587
595
592
613
656
504
524
511
518
692
621
569
606
614
521
583
612
637
528
553
598
555
694
681
642
681
578
614
588
605
663
643
587
556
576
532
619
524
644
592
564
500
674
638
622
615
550
618
596.5
541
593.5
593.5
545
593.5
593.5
593.5
600
611
593.5
593.5
625
610
622
612
599.0
599.0
599.0
549
596.5
596.5
663
588
599.0
636
602.5
597
581
555
558
599.0
631
660
588
546
615
605.5
598
600
564
544
631
599.0
553
599.0
599.0
653
577
561
609
644
633
602.5
579
602.5
578
602
600.0
609
600.0
594
650
545
553
643
542
597.5
597.5
576
595.5
560
579
581
595.5
595.5
557
655
595.5
595.5
595.5
595.5
595.5
595.5
646
613
593
631
580
552
597.5
597.5
597.5
597.5
603
597.5
594
586
655
610
627
597.5
632
599.0
564
548
565
552
593.5
586
590.5
622
567
590.5
640
661
574
630
598
639
549
611
583
593.5
607
594.0
591
591
593.5
593.5
599
593.5
593.5
624
596
594.0
603
595.0
655
597
548
541
615
596.5
572
545
645
594.0
547
642
595
594.5
594.5
594.5
560
594.0
618
594.5
593
580
656
594.5
574
593.5
593.5
593.5
622
643
581
595.5
558
556
595.5
595.5
591
595.5
595.5
589
596
562
538
601
543
593.5
619
635
594.5
594.5
563
580
548
640
624
575
641
574
592.0
616
594.0
564
623
595.5
608
574
583
539
592.0
592.0
592.0
592.0
592.0
592.0
592.0
592.0
592.0
592.0
592.0
592.0
592.0
592.0
592.0
592.0
592.0
592.0
592.0
592.0
592.0
592.0
592.0
592.0
592.0
592.0
592.0
592.0
592.0
592.0
592.0
592.0
592.0
592.0
592.0
592.0
592.0
592.0
592.0
592.0
592.0
592.0
592.0
592.0
592.0
592.0
592.0
592.0
592.0
592.0
592.0
592.0
592.0
592.0
592.0
592.0
592.0
645
645
645
645
645
667
667
667
667
596.5
596.5
638
638
638
638
602.0
602.0
602.0
602.0
602.0
938
938
938
938
938
938
938
938
938
938
938
938
938
952
952
952
952
952
952
952
952
952
952
952
952
952
952
923
923
923
923
923
923
923
923
938
938
938
938
938
938
938
938
938
938
938
909
909
938
938
938
938
938
938
938
938
938
938
938
938
938
938.0
938.0
938
938
938
938
938
938
938
938
938
938
938
938
938
938
938
938
938
938
938
938
938
938
938
882
882
938.0
938.0
938.0
938.0
938.0
938.0
938.0
938.0
938.0
938.0
938.0
938.0
938.0
845
845
938.0
938.0
870
870
952
952
952
952
938.0
938.0
938.0
938.0
938.0
938.0
938.0
938.0
938.0
938.0
938.0
938.0
1000
1000
984
984
938.0
938.0
938.0
938.0
938.0
938.0
1000
1000
938.0
938.0
938.0
938.0
952
952
952
952
952
952
968
968
968
938.0
938.0
938.0
938.0
938.0
938.0
938.0
938.0
909
909
909
909
909
909
923
923
923
923
923
938.0
938.0
938.0
938.0
938.0
938.0
938.0
938.0
789
789
789
789
789
938.0
938.0
938
938
769
769
938.0
938.0
938.0
938.0
938.0
938.0
938.0
938.0
938.0
938.0
938.0
938.0
938.0
938.0
938.0
938.0
938.0
938.0
938.0
938.0
938.0
938.0
938.0
938
938
938
938
938
938
938
938
938
938
938
938
938
938
938
938
952
952
896
896
896
909
909
896
896
896
896
896
896
896
845
845
845
845
923.0
923.0
923.0
923.0
923.0
909
909
909
909
909
909
909
909
909
909
909
896
896
896
896
896
896
896
909
909
909
909
909
909
909
909
882
882
882
882
882
882
909
909
896
896
896
896
896
896
896
896
896
909
909
909
909
909
938
938
938
938
938
938
938
938
938
938
938
938
938
984
984
984
984
909.0
909.0
938
938
938
938
938
938
909.0
909.0
909.0
909.0
909.0
909.0
909.0
909.0
909.0
909.0
909.0
909.0
909.0
909.0
909.0
909.0
909.0
909.0
909.0
909.0
909.0
909.0
909.0
909.0
923
923
923
923
923
923
882
882
882
882
882
882
882
882
882
882
882
882
882
923
923
923
923.0
923.0
923.0
923.0
923.0
923.0
923.0
923.0
923.0
896
896
896
896
896
896
896
896
896
923.0
923.0
896
896
909
909
909
909
909
909
909
909
896
896
896
896
896
896
909
909
896
896
896
896
909
909
896
896
896
896
896
896
896
896.0
896.0
938
938
938
938
938
923
923
952
952
952
952
952
952
923
923
952
952
923
923
923
923
923
923
923
923
909
909
909
909
909
909
909
938
938
938
938
938
938
938
938
938
968
968
923.0
923.0
923.0
923.0
923.0
923.0
923.0
923.0
923.0
923.0
923.0
923.0
923.0
923.0
923.0
923.0
923.0
923.0
923.0
923.0
923.0
923.0
923.0
923.0
923.0
923.0
923.0
923.0
923.0
923.0
923.0
923.0
923.0
923.0
923.0
923.0
923.0
923.0
923.0
923.0
923.0
923.0
923.0
923.0
923.0
923.0
923.0
923.0
923.0
923.0
845
845
845
923.0
923.0
923.0
923.0
923.0
923.0
923.0
923.0
923.0
923.0
923.0
923.0
923.0
923.0
923.0
923.0
923.0
923.0
938
938
968
968
968
968
952
952
952
952
952
952
952
952
952
984
984
938.0
938.0
938.0
938.0
938.0
938.0
938.0
938.0
938.0
938.0
938.0
938.0
938.0
938.0
938.0
938.0
938.0
938.0
938.0
938.0
938.0
938.0
938.0
938.0
938.0
938.0
938.0
938.0
938.0
938.0
938.0
938.0
938.0
938.0
938.0
938.0
938.0
938.0
938.0
938.0
938.0
938.0
938.0
938.0
938.0
938.0
938.0
870
938.0
938.0
938.0
938.0
938.0
938.0
938.0
938.0
938.0
938.0
938.0
938.0
938.0
938.0
938.0
938.0
938.0
938.0
938.0
938.0
938.0
938.0
938.0
938.0
938.0
938.0
938.0
938.0
938.0
938.0
938.0
938.0
938.0
938.0
938.0
938.0
938.0
938.0
667
667
638
638
638
638
638
938.0
938.0
938.0
938.0
938.0
938.0
938.0
938.0
938.0
938.0
938.0
938.0
938.0
938.0
938.0
938.0
938.0
938.0
938.0
938.0
938.0
938.0
938.0
938.0
938.0
938.0
938.0
938.0
938.0
822
822
822
822
822
833
833
833
833
833
833
833
833
833
833
845
845
845
845
845
845
845
882
882
882
882
882
882
896
896
896
896
896
896
909
909
909
909
882
882
882
882
896
896
896
896
896
896
876.0
876.0
876.0
876.0
876.0
876.0
876.0
876.0
876.0
876.0
876.0
876.0
876.0
876.0
876.0
876.0
876.0
876.0
876.0
876.0
876.0
876.0
876.0
876.0
876.0
876.0
876.0
876.0
876.0
876.0
876.0
876.0
876.0
876.0
876.0
876.0
876.0
876.0
876.0
876.0
876.0
876.0
876.0
876.0
876.0
876.0
876.0
876.0
876.0
876.0
876.0
876.0
876.0
876.0
876.0
876.0
876.0
876.0
876.0
876.0
876.0
652
652
652
638
638
652
652
845.0
845.0
845.0
845.0
845.0
845.0
845.0
845.0
845.0
845.0
845.0
845.0
845.0
845.0
845.0
845.0
845.0
845.0
845.0
845.0
845.0
845.0
845.0
845.0
845.0
845.0
845.0
845.0
845.0
845.0
845.0
845.0
845.0
845.0
845.0
845.0
845.0
845.0
845.0
845.0
845.0
845.0
845.0
845.0
845.0
845.0
845.0
600
600
600
600
845.0
845.0
845.0
845.0
845.0
845.0
845.0
845.0
845.0
845.0
845.0
845.0
845.0
845.0
845.0
845.0
811
811
811
811
811
870
870
741
741
741
741
741
845
845
845.0
845.0
845.0
845.0
845.0
845.0
845.0
845.0
845.0
845.0
845.0
800
800
789
789
845.0
845.0
845.0
833
833
833
769
769
769
833.0
833.0
833.0
833.0
833.0
833.0
833.0
833.0
833.0
833.0
833.0
833.0
833.0
909
909
909
909
909
870
870
909
909
909
909
909
909
909
909
909
909
909
909
909
909
923
923
909
909
909
909
952
952
952
952
909
909
909
909
909
909
909
909
909
952
952
909.0
909.0
909.0
909.0
909.0
909.0
909.0
909.0
909.0
909.0
909.0
909.0
909.0
909.0
909.0
909.0
909.0
909.0
909.0
909.0
909.0
909.0
909.0
909.0
909.0
909.0
909.0
909.0
800
800
909.0
909.0
800
800
800
800
800
800
882
882
909
909
909.0
968
968
968
882
882
909.0
909.0
909.0
909.0
909.0
909.0
909.0
909.0
909.0
909.0
909.0
938
938
938
938
938
909.0
909.0
845
845
845
845
845
845
845
845
845
909.0
909.0
909.0
909.0
909.0
909.0
909.0
909.0
909.0
952
952
952
909.0
909.0
909.0
909.0
909.0
909.0
909.0
909.0
909.0
909.0
909.0
909.0
909.0
909.0
909.0
870
870
870
870
870
870
870
870
909.0
909.0
909.0
923
923
923
923
923
923
938
938
909.0
909.0
909.0
909.0
909.0
909.0
909.0
909.0
909.0
909.0
909.0
909.0
909.0
909.0
909.0
909.0
909.0
909.0
909.0
909.0
909.0
909.0
909.0
909.0
909.0
909.0
909.0
909.0
896
896
909
909
909
909
909
909
909
909
909
902.5
902.5
902.5
902.5
902.5
902.5
902.5
902.5
902.5
909
909
923
923
923
923
923
923
923
923
909.0
909.0
923
923
923
909
909
909
909
923
923
938
938
938
938
938
938
938
938
938
938
938
923
923
923
923
923
923
923
923
952
952
923
923
923.0
923.0
923.0
923.0
923.0
923.0
923.0
923.0
923.0
923.0
923.0
923.0
923.0
923.0
923.0
923.0
923.0
923.0
923.0
923.0
923.0
923.0
923.0
923.0
923.0
923.0
952
952
882
882
882
909
909
923.0
923.0
923.0
923.0
923.0
923.0
923.0
923.0
923.0
923.0
923.0
923.0
923.0
923.0
923.0
923.0
923.0
923.0
923.0
923.0
923.0
923.0
923.0
923.0
923.0
923.0
923.0
923.0
923.0
923.0
923.0
923.0
923.0
923.0
923.0
923.0
923.0
923.0
923.0
923.0
923.0
923.0
923.0
923.0
923.0
682
682
698
698
923.0
923.0
923.0
923.0
923.0
923.0
923.0
606
606
606
606
606
625
625
625
645
645
645
645
923.0
923.0
638
638
645
645
645
645
909.0
909.0
909.0
909.0
583
583
583
583
583
583
583
583
583
583
583
583
583
583
583
583
583
583
583
583
583
606
606
606
606
606
606
606
606
606
606
606
606
625
625
625
625
625
606.0
606.0
645
645
645
645
645
645
625
625
606.0
606.0
606.0
606.0
606.0
606.0
606.0
606.0
606.0
606.0
606.0
606.0
606.0
606.0
606.0
606.0
606.0
606.0
606.0
606.0
606.0
606.0
606.0
606.0
606.0
606.0
606.0
606.0
606.0
606.0
606.0
606.0
606.0
606.0
606.0
606.0
606.0
606.0
606.0
606.0
606.0
606.0
606.0
606.0
606.0
606.0
606.0
606.0
606.0
606.0
566
566
566
566
566
566
600
600
612
612
600
600
600
600
600
612
612
612
612
612
612
612
612
612
612
612
612
588
588
612
612
612
583
583
561
561
561
561
609.0
609.0
609.0
609.0
609.0
609.0
609.0
609.0
609.0
609.0
609.0
609.0
556
556
556
609.0
609.0
556
556
556
556
556
556
556
556
566
566
566
566
566
566
566
566
566
566
566
566
566
566
566
600
600
600
606
606
600
600
600
600
600
600
600
600
619
619
612
612
574.5
574.5
574.5
574.5
574.5
574.5
574.5
574.5
625
625
625
625
625
574.5
574.5
574.5
574.5
574.5
574.5
574.5
574.5
574.5
574.5
574.5
574.5
574.5
574.5
574.5
574.5
574.5
574.5
574.5
574.5
574.5
574.5
574.5
574.5
574.5
574.5
574.5
574.5
574.5
574.5
574.5
574.5
574.5
574.5
574.5
574.5
574.5
574.5
574.5
574.5
574.5
574.5
574.5
606
606
606
606
606
606
645
645
645
645
625
625
645
645
600.0
600.0
682
682
600.0
600.0
600.0
600.0
600.0
600.0
600.0
600.0
600.0
600.0
600.0
600.0
600.0
600.0
600.0
600.0
600.0
600.0
600.0
600.0
600.0
600.0
600.0
600.0
600.0
600.0
600.0
600.0
600.0
600.0
600.0
600.0
600.0
600.0
938
952
952
952
952
952
952
606.0
606.0
606.0
606.0
606.0
606.0
923
923
923
952
952
952
952
938
938
923
923
923
923
938
938
923
923
923
923
923
938
938
938
938
938
938
938
938
938
938
938
938
938
938
938
938
938
938
938
909
909
938
938
938
938
923
923
938
938
952
952
923
923
923
923
923
923
923
923
923
923
938
938
938
938
938
938
938
923
923
909
909
909
909
909
909
909
909
909
909
938.0
938.0
938.0
938.0
938.0
938.0
938.0
938.0
938.0
938.0
938.0
938.0
938.0
938.0
938.0
938.0
938.0
938.0
938.0
938.0
938.0
938.0
938.0
938.0
938.0
938.0
938.0
938.0
938.0
938.0
938.0
938.0
938.0
938.0
938.0
938.0
938.0
938.0
938.0
938.0
938.0
938.0
938.0
938.0
938.0
938.0
938.0
938.0
938.0
938.0
938.0
938.0
938.0
938.0
938.0
938.0
938.0
938.0
938.0
938.0
938.0
639
647
938.0
938.0
938.0
938.0
660
938.0
699
604
923.0
923.0
923.0
639
607
923.0
923.0
