597
649
630
678
696
512
573
536
519
518
684
681
508
610
696
520
653
670
500
681
699
634
521
618
540
595
615
685
524
527
587
640
696
552
577
649
595
550
538
625
641
610
547
626
525
627
638
611
660
513
508
594
518
627
645
663
627
512
637
601
596
588
511
692
631
544
684
656
532
546
625
603
631
574
539
589
587
595
592
613
656
504
524
511
518
692
621
569
606
614
521
583
612
637
528
553
598
555
694
681
642
681
578
614
588
605
663
643
587
556
576
532
619
524
644
592
564
500
674
638
622
615
550
618
596.5
541
593.5
593.5
545
593.5
593.5
593.5
600
611
593.5
593.5
625
610
622
612
599.0
599.0
599.0
549
596.5
596.5
596.5
588
596.5
636
599.0
597
581
555
558
599.0
631
599.0
588
546
615
599.0
598
600
564
544
631
599.0
553
598.0
598.0
653
577
561
609
644
633
599.0
579
599.0
578
602
600.0
609
600.0
594
650
545
553
643
542
597.5
597.5
576
595.5
560
579
581
590.0
590.0
557
655
593.0
593.0
593.0
593.0
593.0
593.0
646
613
593
631
580
552
595.5
595.5
668
688
603
597.5
594
586
655
610
627
597.5
632
599.0
564
548
565
552
593.5
586
590.5
622
567
677
640
661
593.5
630
594.0
639
596.0
611
583
596.0
607
599.0
591
591
596.0
596.0
599
596.5
596.5
624
596
597.5
603
600.5
655
597
548
541
615
600.5
572
545
645
596.5
547
642
595
596.5
596.5
596.5
560
595.5
618
596.5
593
580
595.5
595.5
574
595.5
595.5
595.5
622
643
581
596.5
558
556
596.5
596.5
591
596.5
596.5
589
596
562
538
601
543
594.5
619
635
596.0
596.0
563
580
548
640
624
575
641
574
592.0
616
592.0
564
623
594.0
608
574
583
539
594.0
594.0
594.0
594.0
594.0
594.0
594.0
594.0
594.0
594.0
594.0
594.0
594.0
594.0
594.0
594.0
594.0
594.0
594.0
594.0
594.0
594.0
594.0
594.0
594.0
594.0
594.0
594.0
594.0
594.0
594.0
594.0
594.0
594.0
594.0
594.0
594.0
594.0
594.0
968
968
968
968
968
968
968
595.5
595.5
857
857
857
857
598.0
598.0
857
857
857
602.0
602.0
602.0
602.0
602.0
602.0
602.0
602.0
602.0
938
938
604.5
604.5
604.5
604.5
952
952
952
952
938
938
938
938
938
938
938
938
938
938
938
938
938
938
952
952
952
952
952
952
952
952
952
952
952
952
952
952
923
923
923
923
923
923
923
923
938
938
938
938
938
938
938
938
938
938
938
909
909
938
938
938
938
938
938
938
938
938
938
938
938
938
938.0
938.0
938
938
938
938
938
938
938
938
938
938
938
938
938
938
938
938
938
938
938
938
938
938
938
882
882
938.0
938.0
938.0
938.0
938.0
938.0
938.0
938.0
938.0
938.0
938.0
938.0
938.0
845
845
938.0
938.0
870
870
952
952
952
952
938.0
938.0
938.0
938.0
938.0
938.0
938.0
938.0
938.0
938.0
938.0
938.0
1000
1000
984
984
938.0
938.0
938.0
938.0
938.0
938.0
1000
1000
938.0
938.0
938.0
938.0
952
952
952
952
952
952
968
968
968
938.0
938.0
938.0
938.0
938.0
938.0
938.0
938.0
909
909
909
909
909
909
923
923
923
923
923
938.0
938.0
938.0
938.0
938.0
938.0
938.0
938.0
938.0
938.0
938.0
938.0
938.0
938
938
938
938
938.0
938.0
968
968
968
968
968
968
968
968
968
968
952
952
938
938
938
938
938
938
938
938
938
938
938
938
938
938
938
938
938
938
938
938
938
938
938
938
938
938
938
952
952
896
896
896
909
909
896
896
896
896
896
896
896
845
845
845
845
938.0
938.0
938.0
938.0
938.0
909
909
909
909
909
909
909
909
909
909
909
896
896
896
896
896
896
896
909
909
909
909
909
909
909
909
882
882
882
882
882
882
909
909
896
896
896
896
896
896
896
896
896
909
909
909
909
909
938
938
938
938
938
938
938
938
938
938
938
938
938
984
984
984
984
1000
1000
938
938
938
938
938
938
909.0
909.0
909.0
909.0
909.0
909.0
909.0
909.0
909.0
909.0
909.0
909.0
909.0
909.0
909.0
909.0
909.0
909.0
909.0
909.0
909.0
909.0
909.0
909.0
923
923
923
923
923
923
882
882
882
882
882
882
882
882
882
882
882
882
882
923
923
923
923.0
923.0
923.0
923.0
923.0
923.0
923.0
923.0
923.0
896
896
896
896
896
896
896
896
896
923.0
923.0
896
896
909
909
909
909
909
909
909
909
896
896
896
896
896
896
909
909
896
896
896
896
909
909
896
896
896
896
896
896
896
896.0
896.0
938
938
938
938
938
923
923
952
952
952
952
952
952
923
923
952
952
923
923
923
923
923
923
923
923
909
909
909
909
909
909
909
938
938
938
938
938
938
938
938
938
968
968
923.0
923.0
923.0
923.0
923.0
923.0
923.0
923.0
923.0
923.0
923.0
923.0
923.0
923.0
923.0
923.0
923.0
923.0
923.0
923.0
923.0
923.0
923.0
923.0
923.0
923.0
923.0
923.0
923.0
923.0
923.0
923.0
923.0
923.0
923.0
923.0
923.0
923.0
923.0
923.0
923.0
923.0
923.0
923.0
923.0
923.0
923.0
923.0
923.0
923.0
845
845
845
923.0
923.0
923.0
923.0
923.0
923.0
1000
1000
923.0
923.0
923.0
923.0
1034
1034
1034
1034
1000
1000
938
938
968
968
968
968
952
952
952
952
952
952
952
952
952
984
984
938.0
938.0
938.0
938.0
938.0
938.0
938.0
938.0
938.0
938.0
938.0
938.0
938.0
938
938
938.0
938.0
938.0
938.0
909
909
923
923
938.0
938.0
938.0
909
909
909
909
938.0
938.0
938.0
938.0
938.0
923
923
923
923
938.0
938.0
938.0
938.0
938.0
938.0
938.0
938.0
938.0
968
968
938.0
938.0
667
667
938.0
938.0
682
682
682
667
667
667
667
667
682
682
682
682
682
682
682
682
682
682
682
682
667
667
667
667
638
638
667
667
667
667
667
667
638
638
638
638
638
682.0
682.0
682.0
682.0
682.0
682.0
682.0
682.0
682.0
938
938
909
909
909
909
923
923
923
923
870
870
845
845
882
882
882
870
870
682.0
682.0
682.0
682.0
682.0
682.0
833
833
833
833
833
833
833
833
833
682.0
682.0
845
682.0
682.0
682.0
682.0
682.0
682.0
682.0
682.0
682.0
682.0
682.0
682.0
682.0
682.0
682.0
682.0
682.0
682.0
682.0
682.0
682.0
682.0
682.0
682.0
682.0
682.0
682.0
682.0
682.0
682.0
682.0
645
645
638
638
638
638
682.0
682.0
682.0
682.0
682.0
682.0
682.0
682.0
682.0
682.0
682.0
682.0
682.0
682.0
682.0
682.0
682.0
682.0
682.0
682.0
682.0
682.0
682.0
682.0
682.0
682.0
682.0
682.0
682.0
682.0
682.0
682.0
682.0
682.0
682.0
682.0
682.0
682.0
682.0
682.0
682.0
682.0
682.0
682.0
566
682.0
556
556
556
556
556
556
561
561
561
667.0
667.0
667.0
667.0
667.0
667.0
667.0
667.0
667.0
667.0
667.0
667.0
667.0
667.0
667.0
667.0
667.0
667.0
667.0
667.0
667.0
667.0
667.0
667.0
667.0
667.0
667.0
667.0
667.0
667.0
667.0
667.0
923
923
923
923
923
909
909
909
938
938
909
909
923
923
923
923
923
923
923
923
909
909
600
600
600
600
845.0
845.0
561
561
561
833.0
833.0
833.0
833.0
833.0
882
870
870
833.0
833.0
833.0
833.0
833.0
833.0
833.0
833.0
870
870
833.0
833.0
833.0
833.0
833.0
845
845
839.0
839.0
839.0
839.0
839.0
839.0
839.0
839.0
839.0
839.0
839.0
839.0
839.0
839.0
839.0
839.0
839.0
839.0
833
833
833
839.0
839.0
839.0
839.0
839.0
839.0
839.0
839.0
839.0
839.0
839.0
839.0
839.0
839.0
839.0
839.0
909
909
909
909
909
870
870
909
909
909
909
909
909
909
909
909
909
909
909
909
909
923
923
909
909
909
909
952
952
952
952
909
909
909
909
909
909
909
909
909
952
952
968
968
968
968
968
968
968
968
984
984
909.0
909.0
909.0
909.0
909.0
909.0
909.0
909.0
909.0
909.0
909.0
909.0
909.0
923
923
923
909.0
909.0
909.0
909.0
909.0
909.0
909.0
909.0
909.0
909.0
909.0
909.0
882
882
909
909
968
968
968
968
882
882
909.0
909.0
909.0
909.0
909.0
909.0
909.0
909.0
909.0
909.0
909.0
938
938
938
938
938
916.0
916.0
845
845
845
845
845
845
845
845
845
916.0
916.0
916.0
916.0
916.0
916.0
916.0
916.0
916.0
952
952
952
923.0
923.0
923.0
923.0
923.0
923.0
923.0
923.0
923.0
923.0
923.0
923.0
1017
1017
1017
870
870
870
870
870
870
870
870
690
916.0
916.0
916.0
916.0
916.0
916.0
916.0
916.0
916.0
916.0
916.0
916.0
916.0
916.0
916.0
916.0
916.0
916.0
916.0
916.0
916.0
916.0
916.0
916.0
916.0
916.0
916.0
916.0
916.0
916.0
916.0
916.0
916.0
916.0
916.0
916.0
916.0
916.0
896
896
909
909
909
909
909
909
909
909
909
968
968
968
952
952
952
952
952
952
909
909
923
923
923
923
923
923
923
923
909.0
909.0
923
923
923
909
909
909
909
923
923
938
938
938
938
938
938
938
938
938
938
938
923
923
923
923
923
923
923
923
952
952
923
923
923.0
923.0
923.0
923.0
923.0
923.0
923.0
923.0
923.0
923.0
923.0
923.0
923.0
923.0
923.0
923.0
923.0
923.0
923.0
923.0
923.0
923.0
923.0
923.0
923.0
923.0
952
952
882
882
882
909
909
923.0
923.0
923.0
923.0
923.0
923.0
923.0
923.0
923.0
923.0
923.0
923.0
923.0
923.0
923.0
923.0
923.0
923.0
923.0
923.0
923.0
923.0
923.0
923.0
923.0
923.0
923.0
923.0
923.0
923.0
923.0
923.0
923.0
923.0
923.0
923.0
923.0
923.0
923.0
923.0
923.0
923.0
923.0
952
952
923.0
923.0
923.0
923.0
923.0
923.0
583
577
583
583
606
606
606
606
606
606
625
625
625
923.0
923.0
923.0
923.0
923.0
923.0
638
638
923.0
923.0
923.0
923.0
536
536
536
536
583
583
583
583
583
583
583
583
583
583
583
583
583
583
583
583
583
583
583
583
583
606
606
606
606
606
606
606
606
606
606
606
606
625
625
625
625
625
606.0
606.0
606.0
606.0
606.0
606.0
606.0
606.0
625
625
606.0
606.0
606.0
606.0
606.0
606.0
606.0
606.0
606.0
606.0
606.0
606.0
606.0
606.0
606.0
606.0
541
541
541
541
541
541
541
541
583.0
583.0
583.0
583.0
541
541
583.0
583.0
545
545
583.0
583.0
545
545
545
545
545
545
545
583.0
583.0
583.0
583.0
583.0
583.0
583.0
566
566
566
566
566
566
600
600
612
612
600
600
600
600
600
612
612
612
612
612
612
612
612
612
612
612
612
588
588
612
612
612
583
583
561
561
561
561
526
526
526
526
526
526
531
541
541
531
531
545
556
556
556
536
536
556
556
556
556
556
556
556
556
566
566
566
566
566
566
566
566
566
566
566
566
566
566
566
600
600
600
606
606
600
600
600
600
600
600
600
600
619
619
612
612
566.0
566.0
566.0
566.0
566.0
566.0
566.0
566.0
566.0
566.0
566.0
566.0
566.0
566.0
566.0
566.0
566.0
566.0
566.0
566.0
566.0
566.0
566.0
566.0
566.0
566.0
566.0
566.0
566.0
566.0
566.0
566.0
566.0
566.0
566.0
566.0
566.0
566.0
566.0
566.0
566.0
566.0
566.0
566.0
566.0
566.0
566.0
566.0
566.0
566.0
566.0
566.0
566.0
566.0
566.0
566.0
606
606
606
606
606
606
566.0
566.0
566.0
566.0
566.0
566.0
566.0
566.0
566.0
566.0
566.0
566.0
566.0
566.0
566.0
566.0
566.0
566.0
566.0
566.0
566.0
566.0
566.0
566.0
566.0
566.0
566.0
566.0
566.0
566.0
566.0
566.0
566.0
566.0
566.0
566.0
566.0
566.0
566.0
566.0
566.0
566.0
566.0
566.0
938
938
938
952
952
952
952
952
952
600.0
600.0
600.0
600.0
600.0
600.0
923
923
923
952
952
952
952
938
938
923
923
923
923
938
938
923
923
923
923
923
938
938
938
938
938
938
938
938
938
938
938
938
938
938
938
938
938
938
938
909
909
938
938
938
938
923
923
938
938
952
952
923
923
923
923
923
923
923
923
923
923
938
938
938
938
938
938
938
923
923
909
909
909
909
909
909
909
909
909
909
938.0
938.0
938.0
938.0
938.0
938.0
938.0
938.0
938.0
938.0
938.0
938.0
938.0
938.0
938.0
938.0
938.0
938.0
938.0
938.0
938.0
938.0
938.0
938.0
938.0
938.0
938.0
938.0
938.0
938.0
938.0
938.0
938.0
938.0
938.0
938.0
938.0
938.0
938.0
938.0
938.0
938.0
938.0
938.0
938.0
938.0
938.0
938.0
938.0
938.0
938.0
938.0
938.0
938.0
938.0
938.0
938.0
938.0
938.0
938.0
938.0
938.0
938.0
938.0
938.0
938.0
938.0
938.0
938.0
938.0
938.0
938.0
938.0
938.0
938.0
938.0
938.0
538
